32 32 32 1 1 0.099439 161.073156
32 32 32 8 1 0.099251 119.266933
32 32 32 16 1 0.099129 118.542826
32 32 32 32 1 0.099028 331.236901
32 32 32 64 1 0.099056 119.654049
32 32 32 128 1 0.102515 118.551488
32 32 32 256 1 0.101803 339.557845
32 32 32 1 1 0.099085 480.169986
32 32 32 8 1 0.099119 124.712300
32 32 32 16 1 0.098953 124.271544
32 32 32 32 1 0.099247 709.134949
32 32 32 64 1 0.098996 131.926387
32 32 32 128 1 0.099055 117.002653
32 32 32 256 1 0.099134 352.101813
32 32 32 1 1 0.098963 686.149685
32 32 32 8 1 0.099612 129.626166
32 32 32 16 1 0.098927 115.859045
32 32 32 32 1 0.099125 686.443476
32 32 32 64 1 0.099208 479.540207
32 32 32 128 1 0.099347 125.862181
32 32 32 256 1 0.099088 117.972113
32 32 32 1 1 0.099477 694.032494
32 32 32 8 1 0.099234 120.293678
32 32 32 16 1 0.099347 117.380661
32 32 32 32 1 0.103502 131.705947
32 32 32 64 1 0.099550 690.939842
32 32 32 128 1 0.099053 123.646760
32 32 32 256 1 0.099286 118.679011
32 32 32 1 1 0.099481 675.255636
32 32 32 8 1 0.099066 134.029697
32 32 32 16 1 0.099114 118.247586
32 32 32 32 1 0.099680 132.181389
32 32 32 64 1 0.099151 690.889583
32 32 32 128 1 0.100416 118.430061
32 32 32 256 1 0.099496 120.690781
32 32 32 1 1 0.099195 689.626917
32 32 32 8 1 0.099409 123.730690
32 32 32 16 1 0.098904 121.584335
32 32 32 32 1 0.099807 128.787538
32 32 32 64 1 0.098889 692.126701
32 32 32 128 1 0.103797 119.038252
32 32 32 256 1 0.099412 119.932145
32 32 32 1 1 0.099075 683.846936
32 32 32 8 1 0.099022 115.943286
32 32 32 16 1 0.102114 119.248203
32 32 32 32 1 0.099040 689.928017
32 32 32 64 1 0.099087 126.460665
32 32 32 128 1 0.099145 116.583276
32 32 32 256 1 0.099122 688.777916
32 32 256 1 1 0.805318 130.763263
32 32 256 8 1 0.804473 123.988189
32 32 256 16 1 0.807699 129.734874
32 32 256 32 1 0.807405 681.379591
32 32 256 64 1 0.806535 124.141939
32 32 256 128 1 0.802801 116.852282
32 32 256 256 1 0.806048 351.446651
32 32 256 1 1 0.805370 480.800865
32 32 256 8 1 0.805548 123.791782
32 32 256 16 1 0.805888 120.401365
32 32 256 32 1 0.807883 695.457491
32 32 256 64 1 0.806682 126.997713
32 32 256 128 1 0.808057 118.637265
32 32 256 256 1 0.804955 344.287713
32 32 256 1 1 0.807244 471.620778
32 32 256 8 1 0.805729 129.198811
32 32 256 16 1 0.808418 129.556192
32 32 256 32 1 0.808932 681.727121
32 32 256 64 1 0.806480 462.365762
32 32 256 128 1 0.807061 125.065105
32 32 256 256 1 0.801600 127.328256
32 32 256 1 1 0.811539 684.945119
32 32 256 8 1 0.802298 124.229904
32 32 256 16 1 0.806085 119.835459
32 32 256 32 1 0.810777 683.581630
32 32 256 64 1 0.806781 472.722911
32 32 256 128 1 0.805257 121.093504
32 32 256 256 1 0.806749 120.479911
32 32 256 1 1 0.803191 687.635908
32 32 256 8 1 0.805981 139.678534
32 32 256 16 1 0.804930 124.903255
32 32 256 32 1 0.808260 354.814470
32 32 256 64 1 0.806360 683.576067
32 32 256 128 1 0.805914 126.090108
32 32 256 256 1 0.806768 124.246294
32 32 256 1 1 0.809281 348.747408
32 32 256 8 1 0.808999 470.119811
32 32 256 16 1 0.802448 122.008519
32 32 256 32 1 0.806371 134.544001
32 32 256 64 1 0.806772 672.850572
32 32 256 128 1 0.804645 136.876286
32 32 256 256 1 0.806614 134.494071
32 32 256 1 1 0.805906 681.241981
32 32 256 8 1 0.801016 127.578922
32 32 256 16 1 0.806214 680.211250
32 32 256 32 1 0.807072 135.090587
32 32 256 64 1 0.805458 671.193556
32 32 256 128 1 0.806743 129.148583
32 32 256 256 1 0.804788 673.838574
32 32 1024 1 1 3.456861 137.214782
32 32 1024 8 1 3.458102 135.106968
32 32 1024 16 1 3.459513 678.719868
32 32 1024 32 1 3.452539 132.453937
32 32 1024 64 1 3.463383 136.212321
32 32 1024 128 1 3.459110 331.394806
32 32 1024 256 1 3.459455 683.985841
32 32 1024 1 1 3.461042 133.775651
32 32 1024 8 1 3.457690 135.114535
32 32 1024 16 1 3.457471 336.435313
32 32 1024 32 1 3.461225 680.644328
32 32 1024 64 1 3.459032 125.327086
32 32 1024 128 1 3.459668 138.467093
32 32 1024 256 1 3.453532 678.541805
32 32 1024 1 1 3.455785 127.459337
32 32 1024 8 1 3.462760 137.914493
32 32 1024 16 1 3.460025 339.050347
32 32 1024 32 1 3.458459 680.665197
32 32 1024 64 1 3.461007 131.258369
32 32 1024 128 1 3.455758 140.288453
32 32 1024 256 1 3.457005 667.779157
32 32 1024 1 1 3.456652 458.422942
32 32 1024 8 1 3.462123 128.806791
32 32 1024 16 1 3.459633 142.422348
32 32 1024 32 1 3.458033 667.976778
32 32 1024 64 1 3.457808 129.224127
32 32 1024 128 1 3.458657 138.684703
32 32 1024 256 1 3.455803 123.101643
32 32 1024 1 1 3.456328 671.063941
32 32 1024 8 1 3.454808 140.023071
32 32 1024 16 1 3.462032 133.347620
32 32 1024 32 1 3.456826 668.415475
32 32 1024 64 1 3.464038 130.564694
32 32 1024 128 1 3.472656 129.169948
32 32 1024 256 1 3.458940 116.873316
32 32 1024 1 1 3.458626 665.879012
32 32 1024 8 1 3.460995 135.868987
32 32 1024 16 1 3.459082 139.215780
32 32 1024 32 1 3.463114 334.478144
32 32 1024 64 1 3.461396 465.002772
32 32 1024 128 1 3.460809 132.762329
32 32 1024 256 1 3.456949 121.365969
32 32 1024 1 1 3.461015 668.612540
32 32 1024 8 1 3.459188 131.755247
32 32 1024 16 1 3.457681 132.493973
32 32 1024 32 1 3.452358 119.387647
32 32 1024 64 1 3.458603 668.121991
32 32 1024 128 1 3.460627 132.883601
32 32 1024 256 1 3.455329 131.359049
32 32 2048 1 1 6.948492 664.071186
32 32 2048 8 1 6.971793 133.875126
32 32 2048 16 1 6.985697 131.044345
32 32 2048 32 1 7.007218 651.123687
32 32 2048 64 1 6.990474 474.993543
32 32 2048 128 1 6.927153 133.355737
32 32 2048 256 1 6.984707 134.183518
32 32 2048 1 1 6.974619 665.546147
32 32 2048 8 1 7.027124 132.178829
32 32 2048 16 1 7.011708 142.144221
32 32 2048 32 1 6.989489 330.269689
32 32 2048 64 1 6.919159 670.132645
32 32 2048 128 1 6.985390 126.379915
32 32 2048 256 1 7.033534 133.513936
32 32 2048 1 1 6.999986 332.230140
32 32 2048 8 1 7.000859 461.737961
32 32 2048 16 1 6.955083 130.805403
32 32 2048 32 1 6.967462 123.697746
32 32 2048 64 1 6.999752 665.152098
32 32 2048 128 1 7.020239 128.611453
32 32 2048 256 1 7.023090 139.003773
32 32 2048 1 1 6.943230 116.870876
32 32 2048 8 1 7.021095 687.517433
32 32 2048 16 1 6.990981 131.170061
32 32 2048 32 1 6.972068 138.812285
32 32 2048 64 1 6.981618 116.409979
32 32 2048 128 1 6.972637 682.957192
32 32 2048 256 1 6.998624 140.551030
32 32 2048 1 1 6.999909 145.887737
32 32 2048 8 1 7.011166 116.432880
32 32 2048 16 1 6.944639 687.006943
32 32 2048 32 1 7.011113 135.544357
32 32 2048 64 1 7.011595 144.613132
32 32 2048 128 1 6.981471 116.232478
32 32 2048 256 1 6.972339 681.535822
32 32 2048 1 1 6.974214 686.751284
32 32 2048 8 1 7.015660 120.705631
32 32 2048 16 1 6.968749 674.250640
32 32 2048 32 1 6.946068 119.786179
32 32 2048 64 1 6.937867 670.932400
32 32 2048 128 1 6.927795 123.126213
32 32 2048 256 1 6.935850 671.567740
32 32 2048 1 1 6.987111 121.653392
32 32 2048 8 1 6.971460 688.211394
32 32 2048 16 1 6.990543 118.847469
32 32 2048 32 1 6.983773 676.512072
32 32 2048 64 1 6.984536 135.277811
32 32 2048 128 1 7.026200 130.841240
32 32 2048 256 1 6.993093 330.825226
32 256 32 1 1 0.845802 455.962623
32 256 32 8 1 0.846208 146.668134
32 256 32 16 1 0.845569 118.141701
32 256 32 32 1 0.847019 672.980175
32 256 32 64 1 0.846258 130.570219
32 256 32 128 1 0.845663 133.461395
32 256 32 256 1 0.845373 336.124317
32 256 32 1 1 0.843872 452.771105
32 256 32 8 1 0.842652 145.210162
32 256 32 16 1 0.845883 124.058771
32 256 32 32 1 0.843006 678.549881
32 256 32 64 1 0.846708 125.722004
32 256 32 128 1 0.845684 136.297680
32 256 32 256 1 0.848218 118.443084
32 256 32 1 1 0.847272 671.142896
32 256 32 8 1 0.849050 144.507259
32 256 32 16 1 0.846829 117.141440
32 256 32 32 1 0.845559 456.721667
32 256 32 64 1 0.846275 371.047476
32 256 32 128 1 0.842973 120.616982
32 256 32 256 1 0.846117 450.865105
32 256 32 1 1 0.847001 706.123676
32 256 32 8 1 0.846097 124.833289
32 256 32 16 1 0.847088 115.862461
32 256 32 32 1 0.845531 490.987232
32 256 32 64 1 0.846366 335.257478
32 256 32 128 1 0.846586 126.819408
32 256 32 256 1 0.845645 124.632415
32 256 32 1 1 0.846890 474.025658
32 256 32 8 1 0.845536 333.089574
32 256 32 16 1 0.843866 119.355645
32 256 32 32 1 0.845836 480.995865
32 256 32 64 1 0.846577 335.082573
32 256 32 128 1 0.847133 119.579802
32 256 32 256 1 0.846150 480.139303
32 256 32 1 1 0.846224 343.383171
32 256 32 8 1 0.846101 122.204861
32 256 32 16 1 0.847014 458.996781
32 256 32 32 1 0.842662 476.489211
32 256 32 64 1 0.846102 332.834081
32 256 32 128 1 0.846629 119.794110
32 256 32 256 1 0.843609 482.186984
32 256 32 1 1 0.846629 359.189248
32 256 32 8 1 0.846799 333.230051
32 256 32 16 1 0.846583 132.108879
32 256 32 32 1 0.845527 470.920675
32 256 32 64 1 0.844105 337.613451
32 256 32 128 1 0.855476 126.961095
32 256 32 256 1 0.845357 473.112817
32 256 256 1 1 6.898643 338.365388
32 256 256 8 1 6.896773 329.779853
32 256 256 16 1 6.923119 138.623456
32 256 256 32 1 6.899428 471.344222
32 256 256 64 1 6.899737 338.698460
32 256 256 128 1 6.892697 328.178174
32 256 256 256 1 6.905978 129.617038
32 256 256 1 1 6.901957 471.751532
32 256 256 8 1 6.902381 330.274520
32 256 256 16 1 6.900363 119.893533
32 256 256 32 1 6.916858 132.143483
32 256 256 64 1 6.904476 462.011451
32 256 256 128 1 6.896759 340.317100
32 256 256 256 1 6.947479 119.866537
32 256 256 1 1 6.899377 135.705198
32 256 256 8 1 6.900914 461.507528
32 256 256 16 1 6.897929 351.373832
32 256 256 32 1 6.893235 338.537049
32 256 256 64 1 6.905912 133.267638
32 256 256 128 1 6.900234 476.558395
32 256 256 256 1 6.892683 342.766000
32 256 256 1 1 6.898721 126.339289
32 256 256 8 1 6.901835 447.186289
32 256 256 16 1 6.902361 140.539909
32 256 256 32 1 6.901514 340.028485
32 256 256 64 1 6.901227 131.333677
32 256 256 128 1 6.897597 467.799616
32 256 256 256 1 6.897465 339.977026
32 256 256 1 1 6.902168 143.901597
32 256 256 8 1 6.901354 341.021311
32 256 256 16 1 6.896246 130.752744
32 256 256 32 1 6.899904 126.315796
32 256 256 64 1 6.900557 127.090020
32 256 256 128 1 6.907289 128.123312
32 256 256 256 1 6.900142 123.652359
32 256 256 1 1 6.904616 128.058352
32 256 256 8 1 6.902303 461.503872
32 256 256 16 1 6.894129 130.489703
32 256 256 32 1 6.903372 351.382655
32 256 256 64 1 6.900130 123.809517
32 256 256 128 1 6.900631 457.010160
32 256 256 256 1 6.897226 130.234928
32 256 256 1 1 6.902169 342.630715
32 256 256 8 1 6.900475 121.349780
32 256 256 16 1 6.891979 458.376640
32 256 256 32 1 6.899930 349.899804
32 256 256 64 1 6.899303 131.293921
32 256 256 128 1 6.899933 454.078423
32 256 256 256 1 6.901262 129.212421
32 256 1024 1 1 30.998297 350.397381
32 256 1024 8 1 33.821587 332.170738
32 256 1024 16 1 33.089265 125.192961
32 256 1024 32 1 33.102748 454.968322
32 256 1024 64 1 33.280235 125.636341
32 256 1024 128 1 33.030131 355.754646
32 256 1024 256 1 29.674065 127.979890
32 256 1024 1 1 31.958570 449.455251
32 256 1024 8 1 33.397350 464.991344
32 256 1024 16 1 29.544230 139.429999
32 256 1024 32 1 32.666571 358.781407
32 256 1024 64 1 34.281093 340.754064
32 256 1024 128 1 33.356352 137.016896
32 256 1024 256 1 34.078838 449.544387
32 256 1024 1 1 31.450265 144.861259
32 256 1024 8 1 32.249296 340.709375
32 256 1024 16 1 31.969356 343.430367
32 256 1024 32 1 32.460581 133.057005
32 256 1024 64 1 32.090268 462.336843
32 256 1024 128 1 28.128886 478.140741
32 256 1024 256 1 32.318925 143.865159
32 256 1024 1 1 30.961336 352.845715
32 256 1024 8 1 29.488389 337.282777
32 256 1024 16 1 32.447260 452.792188
32 256 1024 32 1 31.755409 471.795674
32 256 1024 64 1 32.579821 132.045031
32 256 1024 128 1 28.261061 349.934828
32 256 1024 256 1 31.348740 120.996819
32 256 1024 1 1 33.732037 453.272477
32 256 1024 8 1 33.031829 128.843774
32 256 1024 16 1 32.682484 131.017726
32 256 1024 32 1 32.365997 351.312212
32 256 1024 64 1 30.739385 332.163355
32 256 1024 128 1 32.985603 460.227150
32 256 1024 256 1 31.155811 132.256858
32 256 1024 1 1 31.614323 137.703042
32 256 1024 8 1 28.401952 347.073470
32 256 1024 16 1 28.307994 119.439441
32 256 1024 32 1 30.650212 452.064452
32 256 1024 64 1 29.640569 131.233981
32 256 1024 128 1 29.547526 132.877490
32 256 1024 256 1 32.907279 346.866842
32 256 1024 1 1 29.699730 119.277868
32 256 1024 8 1 34.776515 457.272082
32 256 1024 16 1 33.085165 462.641021
32 256 1024 32 1 32.767654 131.136301
32 256 1024 64 1 31.887329 342.359742
32 256 1024 128 1 30.717797 126.656953
32 256 1024 256 1 33.015149 457.996304
32 256 2048 1 1 65.804030 458.576999
32 256 2048 8 1 65.771720 130.138663
32 256 2048 16 1 65.471842 132.031137
32 256 2048 32 1 64.751806 333.845999
32 256 2048 64 1 63.385583 341.524028
32 256 2048 128 1 59.882928 333.976719
32 256 2048 256 1 64.249841 423.509149
32 256 2048 1 1 64.348082 460.316612
32 256 2048 8 1 80.282001 458.482228
32 256 2048 16 1 66.911461 275.354796
32 256 2048 32 1 66.039918 341.991891
32 256 2048 64 1 68.486792 334.103685
32 256 2048 128 1 65.869091 414.855179
32 256 2048 256 1 66.685463 458.298294
32 256 2048 1 1 63.528992 458.793678
32 256 2048 8 1 67.379173 338.525863
32 256 2048 16 1 67.916230 474.892490
32 256 2048 32 1 65.067101 346.729438
32 256 2048 64 1 75.953435 478.642141
32 256 2048 128 1 63.964469 320.531341
32 256 2048 256 1 68.549349 472.530455
32 256 2048 1 1 66.023886 321.279653
32 256 2048 8 1 66.861023 483.326545
32 256 2048 16 1 68.899429 455.388720
32 256 2048 32 1 65.429357 470.770175
32 256 2048 64 1 67.186466 145.611849
32 256 2048 128 1 62.857822 127.476541
32 256 2048 256 1 65.196462 123.439593
32 256 2048 1 1 66.700226 307.759521
32 256 2048 8 1 72.625381 587.873852
32 256 2048 16 1 65.359927 489.939358
32 256 2048 32 1 68.767682 486.356330
32 256 2048 64 1 64.303604 126.497940
32 256 2048 128 1 63.167272 116.293785
32 256 2048 256 1 65.136537 282.280056
32 256 2048 1 1 65.610543 604.219740
32 256 2048 8 1 62.459800 475.827680
32 256 2048 16 1 60.746983 131.372890
32 256 2048 32 1 63.486761 127.359339
32 256 2048 64 1 66.205650 122.896163
32 256 2048 128 1 69.898389 121.007127
32 256 2048 256 1 63.920430 297.266981
32 256 2048 1 1 67.074067 625.708045
32 256 2048 8 1 62.369991 468.903709
32 256 2048 16 1 68.620454 464.367128
32 256 2048 32 1 64.333638 133.935522
32 256 2048 64 1 74.257825 120.540857
32 256 2048 128 1 68.305495 120.778028
32 256 2048 256 1 65.252671 287.997074
32 1024 32 1 1 3.419688 689.703989
32 1024 32 8 1 3.418791 132.828231
32 1024 32 16 1 3.419223 122.526143
32 1024 32 32 1 3.418763 355.042243
32 1024 32 64 1 3.418512 677.007164
32 1024 32 128 1 3.417266 132.980967
32 1024 32 256 1 3.417391 124.765148
32 1024 32 1 1 3.421164 356.587026
32 1024 32 8 1 3.418545 466.020832
32 1024 32 16 1 3.417832 121.053659
32 1024 32 32 1 3.419277 131.180252
32 1024 32 64 1 3.420411 660.586320
32 1024 32 128 1 3.419288 131.370998
32 1024 32 256 1 3.417944 123.847499
32 1024 32 1 1 3.417796 344.909927
32 1024 32 8 1 3.421307 673.606875
32 1024 32 16 1 3.428852 129.535821
32 1024 32 32 1 3.415998 131.207962
32 1024 32 64 1 3.418568 343.420542
32 1024 32 128 1 3.415727 467.784533
32 1024 32 256 1 3.420691 119.877278
32 1024 32 1 1 3.419051 134.485810
32 1024 32 8 1 3.418694 678.938682
32 1024 32 16 1 3.418910 135.417959
32 1024 32 32 1 3.498905 126.968299
32 1024 32 64 1 3.422875 122.535460
32 1024 32 128 1 3.429303 678.948568
32 1024 32 256 1 3.420231 121.243942
32 1024 32 1 1 3.419144 139.663537
32 1024 32 8 1 3.417774 671.428778
32 1024 32 16 1 3.418278 129.366595
32 1024 32 32 1 3.418437 119.861053
32 1024 32 64 1 3.420491 137.591461
32 1024 32 128 1 3.419631 680.002212
32 1024 32 256 1 3.416038 121.672999
32 1024 32 1 1 3.416635 141.367164
32 1024 32 8 1 3.417077 674.191923
32 1024 32 16 1 3.420825 118.627955
32 1024 32 32 1 3.417413 121.857833
32 1024 32 64 1 3.417260 136.839229
32 1024 32 128 1 3.420532 673.741393
32 1024 32 256 1 3.418597 122.172075
32 1024 32 1 1 3.418401 139.427713
32 1024 32 8 1 3.419209 672.925802
32 1024 32 16 1 3.421591 117.434429
32 1024 32 32 1 3.421150 122.749868
32 1024 32 64 1 3.414560 136.107116
32 1024 32 128 1 3.417477 678.710448
32 1024 32 256 1 3.422734 126.351349
32 1024 256 1 1 29.952919 124.296179
32 1024 256 8 1 31.438013 658.434792
32 1024 256 16 1 27.961134 668.934726
32 1024 256 32 1 30.203663 123.380454
32 1024 256 64 1 31.202814 644.787598
32 1024 256 128 1 30.944904 131.132505
32 1024 256 256 1 30.430490 125.196604
32 1024 256 1 1 31.532088 655.262486
32 1024 256 8 1 31.732267 141.089587
32 1024 256 16 1 31.526439 134.839117
32 1024 256 32 1 30.263804 130.541253
32 1024 256 64 1 27.788307 134.753644
32 1024 256 128 1 30.362965 128.867442
32 1024 256 256 1 30.101326 124.181386
32 1024 256 1 1 29.811443 135.087853
32 1024 256 8 1 30.015546 137.753276
32 1024 256 16 1 30.194441 643.193197
32 1024 256 32 1 30.143191 131.837462
32 1024 256 64 1 30.949211 692.328406
32 1024 256 128 1 29.978057 119.735241
32 1024 256 256 1 30.414584 117.329338
32 1024 256 1 1 31.398756 133.483008
32 1024 256 8 1 30.198524 655.207901
32 1024 256 16 1 27.495126 666.387288
32 1024 256 32 1 28.354250 117.414241
32 1024 256 64 1 29.242588 129.063199
32 1024 256 128 1 29.463988 645.923500
32 1024 256 256 1 29.245429 678.275820
32 1024 256 1 1 31.488677 119.918926
32 1024 256 8 1 30.460607 127.434032
32 1024 256 16 1 30.499109 120.363086
32 1024 256 32 1 30.811216 685.836487
32 1024 256 64 1 30.805388 447.547451
32 1024 256 128 1 27.577561 117.552532
32 1024 256 256 1 29.724404 127.288286
32 1024 256 1 1 29.711838 645.676472
32 1024 256 8 1 29.181818 677.490428
32 1024 256 16 1 29.111500 120.087806
32 1024 256 32 1 28.718871 127.582672
32 1024 256 64 1 29.496440 119.045620
32 1024 256 128 1 29.533792 683.363298
32 1024 256 256 1 29.356300 667.025908
32 1024 256 1 1 33.388604 118.996411
32 1024 256 8 1 30.514048 127.004752
32 1024 256 16 1 32.537805 116.783033
32 1024 256 32 1 31.230599 683.106948
32 1024 256 64 1 29.705057 452.944724
32 1024 256 128 1 30.126408 123.775283
32 1024 256 256 1 29.794158 128.640084
32 1024 1024 1 1 160.511738 500.395099
32 1024 1024 8 1 151.152392 637.484007
32 1024 1024 16 1 175.516937 606.319504
32 1024 1024 32 1 148.538938 641.527242
32 1024 1024 64 1 167.114299 617.201643
32 1024 1024 128 1 150.646976 624.120205
32 1024 1024 256 1 156.681776 628.125602
32 1024 1024 1 1 165.069578 623.915544
32 1024 1024 8 1 175.481208 597.207867
32 1024 1024 16 1 151.177555 628.309339
32 1024 1024 32 1 151.060325 636.180461
32 1024 1024 64 1 149.447293 632.377833
32 1024 1024 128 1 154.542505 620.629304
32 1024 1024 256 1 160.751589 626.192755
32 1024 1024 1 1 170.557838 609.280231
32 1024 1024 8 1 147.977497 639.793209
32 1024 1024 16 1 151.495692 622.601031
32 1024 1024 32 1 154.033351 628.880012
32 1024 1024 64 1 173.340607 612.637430
32 1024 1024 128 1 148.446289 635.401885
32 1024 1024 256 1 152.091028 637.484541
32 1024 1024 1 1 181.230257 607.379913
32 1024 1024 8 1 149.721506 627.746704
32 1024 1024 16 1 169.215381 607.232545
32 1024 1024 32 1 142.747542 640.789077
32 1024 1024 64 1 165.333289 609.771741
32 1024 1024 128 1 149.943056 630.122852
32 1024 1024 256 1 153.238589 615.530456
32 1024 1024 1 1 159.842681 625.121331
32 1024 1024 8 1 152.442274 628.507931
32 1024 1024 16 1 147.799381 627.594495
32 1024 1024 32 1 149.578719 632.448012
32 1024 1024 64 1 174.503333 586.804281
32 1024 1024 128 1 154.516502 613.142749
32 1024 1024 256 1 155.242525 622.611006
32 1024 1024 1 1 151.164283 606.711558
32 1024 1024 8 1 152.510848 125.533429
32 1024 1024 16 1 151.280267 633.291901
32 1024 1024 32 1 159.160766 131.597222
32 1024 1024 64 1 150.512049 117.931474
32 1024 1024 128 1 151.565773 549.078041
32 1024 1024 256 1 172.007163 117.513906
32 1024 1024 1 1 165.770605 554.436538
32 1024 1024 8 1 148.531014 117.657347
32 1024 1024 16 1 150.494413 530.620219
32 1024 1024 32 1 172.052516 574.253640
32 1024 1024 64 1 158.413963 627.381845
32 1024 1024 128 1 151.438379 631.336619
32 1024 1024 256 1 149.392009 626.824298
32 1024 2048 1 1 363.273382 402.799725
32 1024 2048 8 1 294.526798 446.734234
32 1024 2048 16 1 338.437996 419.622853
32 1024 2048 32 1 294.222104 450.846700
32 1024 2048 64 1 305.302827 449.336317
32 1024 2048 128 1 288.110357 466.017943
32 1024 2048 256 1 291.205748 447.854080
32 1024 2048 1 1 307.452011 458.538673
32 1024 2048 8 1 325.440481 436.580463
32 1024 2048 16 1 295.744174 448.465129
32 1024 2048 32 1 290.546338 466.070861
32 1024 2048 64 1 329.195410 423.133583
32 1024 2048 128 1 301.532229 459.721662
32 1024 2048 256 1 357.675550 394.508913
32 1024 2048 1 1 337.231049 414.459743
32 1024 2048 8 1 300.834967 454.219362
32 1024 2048 16 1 335.654721 425.424085
32 1024 2048 32 1 358.139666 391.665219
32 1024 2048 64 1 306.655179 440.879036
32 1024 2048 128 1 289.768053 452.728117
32 1024 2048 256 1 290.970151 461.450275
32 1024 2048 1 1 286.736621 473.783777
32 1024 2048 8 1 288.654064 461.522904
32 1024 2048 16 1 293.950148 458.092647
32 1024 2048 32 1 296.618350 459.937679
32 1024 2048 64 1 353.102822 407.054208
32 1024 2048 128 1 289.359985 457.561537
32 1024 2048 256 1 287.700762 475.250710
32 1024 2048 1 1 307.037108 436.504594
32 1024 2048 8 1 290.607402 472.658064
32 1024 2048 16 1 297.725571 451.895383
32 1024 2048 32 1 289.813131 465.269557
32 1024 2048 64 1 294.109101 462.717266
32 1024 2048 128 1 324.113769 424.627315
32 1024 2048 256 1 288.047760 448.743225
32 1024 2048 1 1 311.237575 425.646354
32 1024 2048 8 1 291.484790 457.765324
32 1024 2048 16 1 305.866311 455.302114
32 1024 2048 32 1 304.845193 446.853995
32 1024 2048 64 1 305.143776 450.292809
32 1024 2048 128 1 306.299377 438.970183
32 1024 2048 256 1 297.786388 448.761292
32 1024 2048 1 1 288.827865 470.412500
32 1024 2048 8 1 308.429609 452.756256
32 1024 2048 16 1 285.878776 471.201838
32 1024 2048 32 1 351.523042 400.869034
32 1024 2048 64 1 285.116214 457.319891
32 1024 2048 128 1 303.864403 446.139731
32 1024 2048 256 1 287.355258 492.645836
32 2048 32 1 1 6.836595 670.742999
32 2048 32 8 1 6.832849 124.189009
32 2048 32 16 1 6.832112 138.505461
32 2048 32 32 1 6.832889 664.160049
32 2048 32 64 1 6.835552 457.927464
32 2048 32 128 1 6.833186 121.281782
32 2048 32 256 1 6.835512 142.402460
32 2048 32 1 1 6.836924 662.100680
32 2048 32 8 1 6.833695 128.695023
32 2048 32 16 1 6.846852 121.833305
32 2048 32 32 1 6.834043 685.198771
32 2048 32 64 1 6.829033 147.373991
32 2048 32 128 1 6.831279 680.133207
32 2048 32 256 1 6.832022 146.928171
32 2048 32 1 1 6.832822 674.995930
32 2048 32 8 1 6.828108 142.351228
32 2048 32 16 1 6.832910 673.317444
32 2048 32 32 1 6.833039 136.820713
32 2048 32 64 1 6.833267 679.390929
32 2048 32 128 1 6.835529 136.413716
32 2048 32 256 1 6.832354 662.487034
32 2048 32 1 1 6.837812 465.585278
32 2048 32 8 1 6.832887 120.386176
32 2048 32 16 1 6.833944 139.380626
32 2048 32 32 1 6.833968 672.264027
32 2048 32 64 1 6.832841 458.835478
32 2048 32 128 1 6.834329 120.854213
32 2048 32 256 1 6.832411 137.873499
32 2048 32 1 1 6.837230 685.802744
32 2048 32 8 1 6.833518 456.039238
32 2048 32 16 1 6.833442 120.619020
32 2048 32 32 1 6.835006 144.007861
32 2048 32 64 1 6.834425 668.627978
32 2048 32 128 1 6.830086 455.626545
32 2048 32 256 1 6.835265 121.314862
32 2048 32 1 1 6.834667 364.777010
32 2048 32 8 1 6.832704 462.298912
32 2048 32 16 1 6.833454 122.123304
32 2048 32 32 1 6.836794 120.346880
32 2048 32 64 1 6.831808 361.091436
32 2048 32 128 1 6.834304 468.556550
32 2048 32 256 1 6.834811 115.828833
32 2048 32 1 1 6.831773 120.900527
32 2048 32 8 1 6.832733 357.999848
32 2048 32 16 1 6.832602 462.443766
32 2048 32 32 1 6.832383 115.479294
32 2048 32 64 1 6.834811 127.335486
32 2048 32 128 1 6.832615 362.611928
32 2048 32 256 1 6.833446 678.857118
32 2048 256 1 1 78.761670 457.043416
32 2048 256 8 1 94.446002 458.196651
32 2048 256 16 1 79.451157 458.124922
32 2048 256 32 1 75.663218 463.854788
32 2048 256 64 1 84.466423 117.712600
32 2048 256 128 1 82.157055 118.070871
32 2048 256 256 1 80.724370 120.046995
32 2048 256 1 1 76.315513 335.269559
32 2048 256 8 1 76.501371 366.854459
32 2048 256 16 1 78.868266 372.950700
32 2048 256 32 1 88.986719 455.069239
32 2048 256 64 1 74.362142 456.600259
32 2048 256 128 1 81.746455 446.341144
32 2048 256 256 1 83.970036 117.199923
32 2048 256 1 1 79.577597 123.458199
32 2048 256 8 1 82.696674 298.965882
32 2048 256 16 1 75.100389 363.789783
32 2048 256 32 1 81.105527 368.156103
32 2048 256 64 1 78.353376 363.079794
32 2048 256 128 1 78.006136 449.495993
32 2048 256 256 1 73.982264 449.397982
32 2048 256 1 1 83.181679 116.647588
32 2048 256 8 1 79.524514 123.600515
32 2048 256 16 1 74.543183 121.874403
32 2048 256 32 1 81.816344 339.238752
32 2048 256 64 1 84.687438 368.409333
32 2048 256 128 1 82.603914 373.589356
32 2048 256 256 1 79.957978 361.593280
32 2048 256 1 1 80.876211 368.721661
32 2048 256 8 1 81.422781 367.013479
32 2048 256 16 1 81.623194 354.506516
32 2048 256 32 1 83.099073 354.077872
32 2048 256 64 1 76.748370 453.734499
32 2048 256 128 1 75.364667 449.740078
32 2048 256 256 1 79.523933 447.096078
32 2048 256 1 1 80.694259 275.842340
32 2048 256 8 1 72.859590 363.276471
32 2048 256 16 1 80.170777 353.535234
32 2048 256 32 1 72.210770 127.316838
32 2048 256 64 1 75.288236 366.390340
32 2048 256 128 1 79.177982 455.898500
32 2048 256 256 1 78.635506 447.915130
32 2048 256 1 1 81.271394 374.491289
32 2048 256 8 1 70.797850 446.577239
32 2048 256 16 1 74.599813 360.195942
32 2048 256 32 1 76.817115 436.795766
32 2048 256 64 1 71.391985 354.899715
32 2048 256 128 1 86.522544 418.455392
32 2048 256 256 1 91.996354 357.512854
32 2048 1024 1 1 300.274990 159.299533
32 2048 1024 8 1 290.358516 220.762682
32 2048 1024 16 1 306.431967 144.542127
32 2048 1024 32 1 289.902904 257.356955
32 2048 1024 64 1 288.663720 246.501026
32 2048 1024 128 1 293.478098 241.346182
32 2048 1024 256 1 304.089261 217.298769
32 2048 1024 1 1 299.490234 236.980593
32 2048 1024 8 1 288.513345 256.977837
32 2048 1024 16 1 297.372464 248.952693
32 2048 1024 32 1 310.417667 243.774859
32 2048 1024 64 1 291.206180 247.661341
32 2048 1024 128 1 322.056062 442.739240
32 2048 1024 256 1 314.424669 444.719363
32 2048 1024 1 1 315.370710 449.950516
32 2048 1024 8 1 335.495516 436.560494
32 2048 1024 16 1 341.663308 424.670132
32 2048 1024 32 1 314.292436 446.277456
32 2048 1024 64 1 342.747894 436.738723
32 2048 1024 128 1 317.255529 436.242656
32 2048 1024 256 1 297.683925 447.787133
32 2048 1024 1 1 314.855520 451.551587
32 2048 1024 8 1 291.784852 457.192979
32 2048 1024 16 1 297.228913 458.400689
32 2048 1024 32 1 303.713039 463.624571
32 2048 1024 64 1 297.563206 458.300976
32 2048 1024 128 1 291.624164 472.675062
32 2048 1024 256 1 354.132516 452.714718
32 2048 1024 1 1 303.666580 457.493737
32 2048 1024 8 1 324.764175 447.452932
32 2048 1024 16 1 291.384692 458.854192
32 2048 1024 32 1 287.501147 467.889255
32 2048 1024 64 1 291.768909 470.057621
32 2048 1024 128 1 290.630171 462.973373
32 2048 1024 256 1 310.639670 457.332146
32 2048 1024 1 1 296.192563 457.707796
32 2048 1024 8 1 302.131772 469.027355
32 2048 1024 16 1 296.627268 468.785383
32 2048 1024 32 1 285.854466 476.145233
32 2048 1024 64 1 297.071375 463.917460
32 2048 1024 128 1 291.360641 463.280069
32 2048 1024 256 1 348.294996 446.297786
32 2048 1024 1 1 303.977815 458.362642
32 2048 1024 8 1 289.305294 469.365156
32 2048 1024 16 1 315.782837 459.991555
32 2048 1024 32 1 306.231107 454.637640
32 2048 1024 64 1 284.837346 458.038141
32 2048 1024 128 1 309.969915 457.880899
32 2048 1024 256 1 346.043763 430.553522
32 2048 2048 1 1 582.459455 134.943678
32 2048 2048 8 1 571.574475 151.293452
32 2048 2048 16 1 566.225110 143.916881
32 2048 2048 32 1 578.807999 143.826331
32 2048 2048 64 1 579.143201 142.136207
32 2048 2048 128 1 579.063614 147.371683
32 2048 2048 256 1 568.857791 151.608701
32 2048 2048 1 1 570.982296 149.354612
32 2048 2048 8 1 583.843405 137.606880
32 2048 2048 16 1 580.715781 146.631320
32 2048 2048 32 1 570.494105 144.169818
32 2048 2048 64 1 571.952325 140.280260
32 2048 2048 128 1 590.671652 129.248436
32 2048 2048 256 1 571.559214 151.368314
32 2048 2048 1 1 577.609175 365.071332
32 2048 2048 8 1 573.348301 124.516029
32 2048 2048 16 1 574.859496 365.128221
32 2048 2048 32 1 581.954702 129.961080
32 2048 2048 64 1 608.345042 332.309554
32 2048 2048 128 1 570.444831 153.074507
32 2048 2048 256 1 574.280125 368.250025
32 2048 2048 1 1 570.082411 159.942309
32 2048 2048 8 1 572.419523 379.473796
32 2048 2048 16 1 573.292786 180.048007
32 2048 2048 32 1 570.030527 149.160584
32 2048 2048 64 1 568.635157 153.575055
32 2048 2048 128 1 570.190487 152.885280
32 2048 2048 256 1 575.293356 139.517018
32 2048 2048 1 1 610.886467 131.841879
32 2048 2048 8 1 578.333671 128.420830
32 2048 2048 16 1 571.858777 141.063924
32 2048 2048 32 1 568.631762 149.305805
32 2048 2048 64 1 568.874023 152.889060
32 2048 2048 128 1 571.225523 156.325437
32 2048 2048 256 1 589.926934 134.355990
32 2048 2048 1 1 567.538858 153.623307
32 2048 2048 8 1 578.506314 330.227511
32 2048 2048 16 1 578.571658 386.257366
32 2048 2048 32 1 570.277434 122.876321
32 2048 2048 64 1 581.364615 375.428660
32 2048 2048 128 1 570.557644 329.904716
32 2048 2048 256 1 572.367475 415.901823
32 2048 2048 1 1 578.872282 338.753674
32 2048 2048 8 1 587.458805 370.911725
32 2048 2048 16 1 569.148121 348.297342
32 2048 2048 32 1 566.937997 390.249494
32 2048 2048 64 1 574.913953 338.091334
32 2048 2048 128 1 577.756150 373.889138
32 2048 2048 256 1 648.262191 341.308295
256 32 32 1 1 0.804933 328.547409
256 32 32 8 1 0.805142 133.255911
256 32 32 16 1 0.800883 461.457870
256 32 32 32 1 0.803462 465.251593
256 32 32 64 1 0.804661 133.917648
256 32 32 128 1 0.802885 331.524510
256 32 32 256 1 0.804555 119.248218
256 32 32 1 1 0.804271 465.149187
256 32 32 8 1 0.804028 468.465676
256 32 32 16 1 0.801115 127.526758
256 32 32 32 1 0.806787 332.887454
256 32 32 64 1 0.806787 114.264055
256 32 32 128 1 0.803476 128.932038
256 32 32 256 1 0.807098 487.968486
256 32 32 1 1 0.803203 128.812088
256 32 32 8 1 0.799978 116.470740
256 32 32 16 1 0.804329 334.906996
256 32 32 32 1 0.804535 135.661103
256 32 32 64 1 0.805733 463.161364
256 32 32 128 1 0.804132 484.004024
256 32 32 256 1 0.806736 134.690033
256 32 32 1 1 0.805799 336.246240
256 32 32 8 1 0.802458 116.584947
256 32 32 16 1 0.801419 461.968147
256 32 32 32 1 0.805052 489.423317
256 32 32 64 1 0.804526 115.665572
256 32 32 128 1 0.805210 337.513122
256 32 32 256 1 0.800526 117.545761
256 32 32 1 1 0.803901 473.420304
256 32 32 8 1 0.803804 479.813309
256 32 32 16 1 0.805030 117.796576
256 32 32 32 1 0.809118 335.683764
256 32 32 64 1 0.805433 326.347068
256 32 32 128 1 0.801246 470.522475
256 32 32 256 1 0.803539 465.657454
256 32 32 1 1 0.801565 140.863309
256 32 32 8 1 0.807608 115.950393
256 32 32 16 1 0.804139 340.935087
256 32 32 32 1 0.807789 349.812178
256 32 32 64 1 0.801539 463.310142
256 32 32 128 1 0.803980 475.405260
256 32 32 256 1 0.804043 140.003538
256 32 32 1 1 0.803564 120.119786
256 32 32 8 1 0.802794 344.190077
256 32 32 16 1 0.804143 119.928339
256 32 32 32 1 0.802790 147.461303
256 32 32 64 1 0.804391 120.189747
256 32 32 128 1 0.805588 138.386722
256 32 32 256 1 0.805631 120.409540
256 32 256 1 1 6.463874 473.911938
256 32 256 8 1 6.453973 137.371546
256 32 256 16 1 6.448277 473.976761
256 32 256 32 1 6.448563 342.210467
256 32 256 64 1 6.450732 122.236202
256 32 256 128 1 6.448490 344.711997
256 32 256 256 1 6.438861 126.894751
256 32 256 1 1 6.443492 120.003199
256 32 256 8 1 6.442399 476.849186
256 32 256 16 1 6.442933 123.141461
256 32 256 32 1 6.467032 347.606152
256 32 256 64 1 6.449926 131.916316
256 32 256 128 1 6.452421 473.793734
256 32 256 256 1 6.443219 121.486470
256 32 256 1 1 6.446304 345.409084
256 32 256 8 1 6.445055 116.792904
256 32 256 16 1 6.444389 471.885325
256 32 256 32 1 6.450796 130.494692
256 32 256 64 1 6.452398 333.609680
256 32 256 128 1 6.449438 465.130447
256 32 256 256 1 6.458353 136.456173
256 32 256 1 1 6.451084 137.684297
256 32 256 8 1 6.451746 332.236663
256 32 256 16 1 6.446859 463.787133
256 32 256 32 1 6.435506 131.983265
256 32 256 64 1 6.446434 335.540247
256 32 256 128 1 6.442531 452.306300
256 32 256 256 1 6.451907 131.617554
256 32 256 1 1 6.451991 143.547820
256 32 256 8 1 6.455969 340.129670
256 32 256 16 1 6.460746 452.033669
256 32 256 32 1 6.457513 141.147888
256 32 256 64 1 6.446760 345.256343
256 32 256 128 1 6.446587 330.255321
256 32 256 256 1 6.442825 468.210084
256 32 256 1 1 6.442850 135.718584
256 32 256 8 1 6.448076 340.105456
256 32 256 16 1 6.439357 120.546201
256 32 256 32 1 6.443615 470.520072
256 32 256 64 1 6.441761 142.349861
256 32 256 128 1 6.435968 345.102869
256 32 256 256 1 6.450550 120.245664
256 32 256 1 1 6.446166 468.785955
256 32 256 8 1 6.442594 346.715621
256 32 256 16 1 6.442573 123.868066
256 32 256 32 1 6.442983 124.728019
256 32 256 64 1 6.441585 480.875219
256 32 256 128 1 6.446111 363.385265
256 32 256 256 1 6.440396 115.732657
256 32 1024 1 1 27.583332 121.279201
256 32 1024 8 1 27.580527 461.293748
256 32 1024 16 1 27.548717 353.503807
256 32 1024 32 1 27.580408 338.611679
256 32 1024 64 1 27.585088 118.556660
256 32 1024 128 1 27.580623 470.792120
256 32 1024 256 1 27.573207 481.323108
256 32 1024 1 1 27.549280 346.870005
256 32 1024 8 1 27.568113 338.166397
256 32 1024 16 1 27.597610 122.389691
256 32 1024 32 1 27.640069 477.941774
256 32 1024 64 1 27.579229 472.026877
256 32 1024 128 1 27.567672 348.325436
256 32 1024 256 1 27.574022 119.866176
256 32 1024 1 1 27.597101 424.955624
256 32 1024 8 1 27.585312 481.008660
256 32 1024 16 1 27.571319 318.129539
256 32 1024 32 1 27.578480 343.251989
256 32 1024 64 1 27.541448 427.989859
256 32 1024 128 1 27.572138 484.160209
256 32 1024 256 1 27.565839 146.032096
256 32 1024 1 1 27.589914 334.870161
256 32 1024 8 1 27.573256 434.391857
256 32 1024 16 1 27.785092 481.395060
256 32 1024 32 1 27.577250 129.970816
256 32 1024 64 1 27.568737 340.780729
256 32 1024 128 1 27.587873 437.951156
256 32 1024 256 1 27.566046 480.552442
256 32 1024 1 1 27.618500 125.823128
256 32 1024 8 1 27.559381 332.232246
256 32 1024 16 1 27.594835 423.662907
256 32 1024 32 1 27.560853 486.054293
256 32 1024 64 1 27.570915 134.079904
256 32 1024 128 1 27.556404 329.655213
256 32 1024 256 1 27.584702 438.451452
256 32 1024 1 1 27.570537 337.115087
256 32 1024 8 1 27.578802 143.195355
256 32 1024 16 1 27.563707 333.951570
256 32 1024 32 1 27.574487 136.969723
256 32 1024 64 1 27.569297 329.590681
256 32 1024 128 1 27.548020 138.616937
256 32 1024 256 1 27.581340 379.945703
256 32 1024 1 1 27.763422 135.121953
256 32 1024 8 1 27.588918 330.704923
256 32 1024 16 1 27.617470 338.546647
256 32 1024 32 1 27.578032 332.679338
256 32 1024 64 1 27.565923 483.122416
256 32 1024 128 1 27.554414 121.879463
256 32 1024 256 1 27.561816 309.524504
256 32 2048 1 1 55.809292 609.933297
256 32 2048 8 1 55.862202 489.549634
256 32 2048 16 1 55.895886 152.314458
256 32 2048 32 1 55.869812 121.726713
256 32 2048 64 1 55.895271 120.516799
256 32 2048 128 1 55.842883 343.744141
256 32 2048 256 1 55.523277 339.044641
256 32 2048 1 1 55.545649 670.775093
256 32 2048 8 1 56.003178 489.618084
256 32 2048 16 1 55.756321 144.955986
256 32 2048 32 1 55.953238 122.493805
256 32 2048 64 1 55.455096 126.394152
256 32 2048 128 1 56.010475 307.555068
256 32 2048 256 1 55.877717 662.940731
256 32 2048 1 1 55.668992 713.444768
256 32 2048 8 1 56.023910 480.281721
256 32 2048 16 1 56.022640 134.816371
256 32 2048 32 1 55.790307 116.690262
256 32 2048 64 1 56.028374 122.127521
256 32 2048 128 1 56.050526 305.472645
256 32 2048 256 1 56.026206 677.752497
256 32 2048 1 1 55.994160 482.964533
256 32 2048 8 1 55.793636 134.362433
256 32 2048 16 1 55.754483 116.700262
256 32 2048 32 1 56.015930 127.620193
256 32 2048 64 1 56.028300 316.977256
256 32 2048 128 1 55.828136 664.051266
256 32 2048 256 1 55.964448 705.999776
256 32 2048 1 1 55.898686 140.292432
256 32 2048 8 1 55.825760 117.187211
256 32 2048 16 1 56.216112 120.790091
256 32 2048 32 1 56.038384 308.764206
256 32 2048 64 1 55.753855 679.693135
256 32 2048 128 1 55.843513 696.940381
256 32 2048 256 1 55.629743 480.931315
256 32 2048 1 1 55.936781 119.165635
256 32 2048 8 1 55.946908 118.601228
256 32 2048 16 1 56.054881 317.981538
256 32 2048 32 1 56.011510 684.670729
256 32 2048 64 1 55.581368 694.700653
256 32 2048 128 1 55.732257 140.494319
256 32 2048 256 1 55.801026 118.464228
256 32 2048 1 1 55.855040 127.431546
256 32 2048 8 1 56.067445 309.605460
256 32 2048 16 1 55.247874 676.431894
256 32 2048 32 1 55.796306 692.755285
256 32 2048 64 1 55.731743 468.420471
256 32 2048 128 1 55.828643 118.744895
256 32 2048 256 1 55.978268 117.091548
256 256 32 1 1 6.774183 342.217900
256 256 32 8 1 6.770179 689.981911
256 256 32 16 1 6.773087 123.439215
256 256 32 32 1 6.766915 119.654041
256 256 32 64 1 6.767487 339.460559
256 256 32 128 1 6.776315 472.631968
256 256 32 256 1 6.776915 125.983288
256 256 32 1 1 6.769632 127.322045
256 256 32 8 1 6.767868 347.101304
256 256 32 16 1 6.770694 469.311083
256 256 32 32 1 6.770610 119.016255
256 256 32 64 1 6.772111 128.808721
256 256 32 128 1 6.769820 668.202288
256 256 32 256 1 6.768287 478.230906
256 256 32 1 1 6.770088 116.462028
256 256 32 8 1 6.773038 127.283639
256 256 32 16 1 6.771054 688.734795
256 256 32 32 1 6.767051 136.335616
256 256 32 64 1 6.773164 124.582787
256 256 32 128 1 6.774218 345.919225
256 256 32 256 1 6.774867 688.114649
256 256 32 1 1 6.769573 341.259076
256 256 32 8 1 6.768554 128.004270
256 256 32 16 1 6.767410 337.832985
256 256 32 32 1 6.765061 124.853575
256 256 32 64 1 6.764869 344.497703
256 256 32 128 1 6.769198 131.561479
256 256 32 256 1 6.768728 337.753585
256 256 32 1 1 6.777408 130.274225
256 256 32 8 1 6.764730 340.014492
256 256 32 16 1 6.766279 342.048762
256 256 32 32 1 6.776930 463.956772
256 256 32 64 1 6.770822 140.320871
256 256 32 128 1 6.777820 130.589371
256 256 32 256 1 6.775271 339.561991
256 256 32 1 1 6.768243 465.222456
256 256 32 8 1 6.772627 137.334986
256 256 32 16 1 6.777182 344.734921
256 256 32 32 1 6.768916 448.634929
256 256 32 64 1 6.770420 463.751975
256 256 32 128 1 6.773224 116.266538
256 256 32 256 1 6.779382 342.492055
256 256 32 1 1 6.774530 467.170390
256 256 32 8 1 6.765923 131.866233
256 256 32 16 1 6.771068 345.495085
256 256 32 32 1 6.772301 119.155325
256 256 32 64 1 6.771108 469.536735
256 256 32 128 1 6.775504 124.702808
256 256 32 256 1 6.767341 340.466216
256 256 256 1 1 55.210625 419.486829
256 256 256 8 1 55.207289 468.401872
256 256 256 16 1 55.147937 139.426125
256 256 256 32 1 55.191227 306.288841
256 256 256 64 1 55.157454 336.919289
256 256 256 128 1 55.180967 397.437806
256 256 256 256 1 55.215143 474.964003
256 256 256 1 1 55.159938 134.260358
256 256 256 8 1 55.184591 308.744519
256 256 256 16 1 55.180858 336.564385
256 256 256 32 1 55.242185 399.788618
256 256 256 64 1 55.232442 476.153017
256 256 256 128 1 55.217570 128.344342
256 256 256 256 1 55.177574 315.933761
256 256 256 1 1 55.218878 337.261058
256 256 256 8 1 55.199119 115.799166
256 256 256 16 1 55.219684 453.630627
256 256 256 32 1 55.229746 471.657814
256 256 256 64 1 55.210021 122.233114
256 256 256 128 1 55.211761 321.816279
256 256 256 256 1 55.193794 338.194191
256 256 256 1 1 55.183707 340.919828
256 256 256 8 1 55.191221 422.382842
256 256 256 16 1 55.238908 474.822670
256 256 256 32 1 55.185457 128.832358
256 256 256 64 1 55.183685 318.541482
256 256 256 128 1 55.196742 340.138343
256 256 256 256 1 55.148210 394.142403
256 256 256 1 1 55.158596 482.621670
256 256 256 8 1 55.234424 128.260282
256 256 256 16 1 55.203275 313.531003
256 256 256 32 1 55.162303 338.733833
256 256 256 64 1 55.211300 400.933574
256 256 256 128 1 55.232321 471.181074
256 256 256 256 1 55.212528 127.985539
256 256 256 1 1 55.195186 305.771831
256 256 256 8 1 55.184862 338.992136
256 256 256 16 1 55.148740 394.138545
256 256 256 32 1 55.198520 465.483619
256 256 256 64 1 55.153333 130.530779
256 256 256 128 1 55.163511 319.002579
256 256 256 256 1 55.199440 605.516022
256 256 256 1 1 55.179988 460.920878
256 256 256 8 1 55.172415 129.366603
256 256 256 16 1 55.132870 125.572301
256 256 256 32 1 55.190826 300.104219
256 256 256 64 1 55.200377 627.211030
256 256 256 128 1 55.203523 457.660802
256 256 256 256 1 55.191194 130.121520
256 256 1024 1 1 224.837692 458.166960
256 256 1024 8 1 260.640093 589.770662
256 256 1024 16 1 276.443521 511.415106
256 256 1024 32 1 238.271923 541.139324
256 256 1024 64 1 273.589188 517.187555
256 256 1024 128 1 258.666700 530.085397
256 256 1024 256 1 274.345698 513.932383
256 256 1024 1 1 252.638578 468.748043
256 256 1024 8 1 263.323386 410.339110
256 256 1024 16 1 270.904754 139.499721
256 256 1024 32 1 260.725792 398.072270
256 256 1024 64 1 262.170762 148.003412
256 256 1024 128 1 261.155367 381.169412
256 256 1024 256 1 248.753415 219.492284
256 256 1024 1 1 249.031757 319.809952
256 256 1024 8 1 226.404323 273.598055
256 256 1024 16 1 255.686233 320.708341
256 256 1024 32 1 259.364186 669.212368
256 256 1024 64 1 256.381256 654.121750
256 256 1024 128 1 224.610981 571.210097
256 256 1024 256 1 228.648726 569.725952
256 256 1024 1 1 253.093395 557.394694
256 256 1024 8 1 255.586285 543.315110
256 256 1024 16 1 238.709251 571.129194
256 256 1024 32 1 251.973882 549.481108
256 256 1024 64 1 255.463234 554.609411
256 256 1024 128 1 255.813899 543.094589
256 256 1024 256 1 247.753186 551.666727
256 256 1024 1 1 243.338791 557.753835
256 256 1024 8 1 265.845301 535.186865
256 256 1024 16 1 250.190247 550.039637
256 256 1024 32 1 245.830684 561.363735
256 256 1024 64 1 251.758894 545.455718
256 256 1024 128 1 265.248710 536.874418
256 256 1024 256 1 263.648322 520.408313
256 256 1024 1 1 252.284579 556.558127
256 256 1024 8 1 263.245101 541.333612
256 256 1024 16 1 248.164209 554.278679
256 256 1024 32 1 277.117978 522.859010
256 256 1024 64 1 225.230922 568.978715
256 256 1024 128 1 264.577754 535.816372
256 256 1024 256 1 226.869888 565.351369
256 256 1024 1 1 269.456135 524.258769
256 256 1024 8 1 281.811249 509.359747
256 256 1024 16 1 237.949798 549.949140
256 256 1024 32 1 269.750205 514.398532
256 256 1024 64 1 270.323505 523.109380
256 256 1024 128 1 275.548170 516.189471
256 256 1024 256 1 228.414278 551.715757
256 256 2048 1 1 663.080620 144.196119
256 256 2048 8 1 664.527853 151.703200
256 256 2048 16 1 624.634135 143.204273
256 256 2048 32 1 631.518042 146.050490
256 256 2048 64 1 622.182189 170.840679
256 256 2048 128 1 636.988356 134.920860
256 256 2048 256 1 623.023434 146.927869
256 256 2048 1 1 613.179050 183.143605
256 256 2048 8 1 660.304882 135.007288
256 256 2048 16 1 637.129207 134.749840
256 256 2048 32 1 647.199748 135.633530
256 256 2048 64 1 626.404489 148.418058
256 256 2048 128 1 625.559317 158.029617
256 256 2048 256 1 623.332773 170.819543
256 256 2048 1 1 678.533872 138.307847
256 256 2048 8 1 594.985943 165.889080
256 256 2048 16 1 670.814956 132.242416
256 256 2048 32 1 674.465203 129.430479
256 256 2048 64 1 684.384738 124.360289
256 256 2048 128 1 630.947460 131.079784
256 256 2048 256 1 642.685731 134.237421
256 256 2048 1 1 633.557361 136.218263
256 256 2048 8 1 633.609720 132.836952
256 256 2048 16 1 625.285132 143.071888
256 256 2048 32 1 640.139836 152.716564
256 256 2048 64 1 625.954690 161.275393
256 256 2048 128 1 621.506434 374.393802
256 256 2048 256 1 638.891231 130.959464
256 256 2048 1 1 632.867639 370.986995
256 256 2048 8 1 631.905036 128.200591
256 256 2048 16 1 632.314126 380.269853
256 256 2048 32 1 631.241571 139.846004
256 256 2048 64 1 610.877611 395.084007
256 256 2048 128 1 672.612197 129.540935
256 256 2048 256 1 636.845851 402.217423
256 256 2048 1 1 652.156427 384.379326
256 256 2048 8 1 635.111218 170.405819
256 256 2048 16 1 622.638466 131.448645
256 256 2048 32 1 632.735746 139.561630
256 256 2048 64 1 622.257132 149.777185
256 256 2048 128 1 641.047511 144.475973
256 256 2048 256 1 647.635303 132.274329
256 256 2048 1 1 640.156365 144.754462
256 256 2048 8 1 641.829137 136.242038
256 256 2048 16 1 627.082977 140.587976
256 256 2048 32 1 642.414682 130.226813
256 256 2048 64 1 631.014569 150.494786
256 256 2048 128 1 606.932401 175.380189
256 256 2048 256 1 540.397155 250.321805
256 1024 32 1 1 27.350345 684.610874
256 1024 32 8 1 27.350270 126.629540
256 1024 32 16 1 27.345917 117.360302
256 1024 32 32 1 27.342055 307.716679
256 1024 32 64 1 27.352022 685.828513
256 1024 32 128 1 27.353057 122.784072
256 1024 32 256 1 27.352564 115.710238
256 1024 32 1 1 27.345079 123.060465
256 1024 32 8 1 27.347545 682.090580
256 1024 32 16 1 27.358541 693.140754
256 1024 32 32 1 27.356589 122.523084
256 1024 32 64 1 27.339315 117.616995
256 1024 32 128 1 27.359350 120.437891
256 1024 32 256 1 27.353106 684.641128
256 1024 32 1 1 27.345333 691.993855
256 1024 32 8 1 27.342103 117.477573
256 1024 32 16 1 27.353647 118.821009
256 1024 32 32 1 27.498500 315.296620
256 1024 32 64 1 27.350486 711.854598
256 1024 32 128 1 27.348701 479.105742
256 1024 32 256 1 27.352735 124.870760
256 1024 32 1 1 27.344188 117.499111
256 1024 32 8 1 27.344360 660.392889
256 1024 32 16 1 27.374349 689.359641
256 1024 32 32 1 27.352463 121.924346
256 1024 32 64 1 27.354708 117.298534
256 1024 32 128 1 27.352809 648.472419
256 1024 32 256 1 27.344927 699.579948
256 1024 32 1 1 27.354485 131.641583
256 1024 32 8 1 27.359329 118.659621
256 1024 32 16 1 27.350660 318.531859
256 1024 32 32 1 27.354950 682.312042
256 1024 32 64 1 27.349431 139.355796
256 1024 32 128 1 27.367075 116.947016
256 1024 32 256 1 27.348524 124.035538
256 1024 32 1 1 27.346902 657.741564
256 1024 32 8 1 27.347841 690.934424
256 1024 32 16 1 27.356265 128.889000
256 1024 32 32 1 27.353687 119.358565
256 1024 32 64 1 27.350924 321.371741
256 1024 32 128 1 27.357949 681.539932
256 1024 32 256 1 27.342496 469.561735
256 1024 32 1 1 27.346794 115.913117
256 1024 32 8 1 27.360593 118.490560
256 1024 32 16 1 27.357753 337.997751
256 1024 32 32 1 27.358760 697.449158
256 1024 32 64 1 27.358426 136.985058
256 1024 32 128 1 27.355324 115.847900
256 1024 32 256 1 27.357685 117.829831
256 1024 256 1 1 261.862292 431.549462
256 1024 256 8 1 239.769731 563.882551
256 1024 256 16 1 240.860060 554.160830
256 1024 256 32 1 243.987033 554.914955
256 1024 256 64 1 221.126662 574.409895
256 1024 256 128 1 238.434185 569.937726
256 1024 256 256 1 244.542772 555.775446
256 1024 256 1 1 220.901588 572.221877
256 1024 256 8 1 242.143282 134.016809
256 1024 256 16 1 239.690558 687.323627
256 1024 256 32 1 228.927176 464.212669
256 1024 256 64 1 236.545765 693.782210
256 1024 256 128 1 243.966408 126.392248
256 1024 256 256 1 229.646244 686.840334
256 1024 256 1 1 222.581094 512.601474
256 1024 256 8 1 240.162396 685.950172
256 1024 256 16 1 236.940315 511.312878
256 1024 256 32 1 230.881326 677.667763
256 1024 256 64 1 220.895327 674.864811
256 1024 256 128 1 244.349412 550.709403
256 1024 256 256 1 219.519603 579.054077
256 1024 256 1 1 220.247464 588.317408
256 1024 256 8 1 248.757835 547.570260
256 1024 256 16 1 235.491499 566.735756
256 1024 256 32 1 244.808855 556.203962
256 1024 256 64 1 253.237836 542.693383
256 1024 256 128 1 236.096513 578.274660
256 1024 256 256 1 241.424913 556.611049
256 1024 256 1 1 228.778134 575.172701
256 1024 256 8 1 237.011281 559.387310
256 1024 256 16 1 222.730823 585.846379
256 1024 256 32 1 245.139650 559.072314
256 1024 256 64 1 236.845371 556.475775
256 1024 256 128 1 236.971167 563.257679
256 1024 256 256 1 259.399239 548.085135
256 1024 256 1 1 231.345156 549.937120
256 1024 256 8 1 231.964121 560.178052
256 1024 256 16 1 219.630689 563.453141
256 1024 256 32 1 241.449631 553.819114
256 1024 256 64 1 221.206917 584.369329
256 1024 256 128 1 232.177372 560.046591
256 1024 256 256 1 223.518178 558.833008
256 1024 256 1 1 244.269240 542.208880
256 1024 256 8 1 227.319753 551.045339
256 1024 256 16 1 243.092413 539.935160
256 1024 256 32 1 236.793300 533.341296
256 1024 256 64 1 241.647474 531.629009
256 1024 256 128 1 256.045258 516.566668
256 1024 256 256 1 231.198563 538.761021
256 1024 1024 1 1 1305.512778 481.903633
256 1024 1024 8 1 1291.052892 459.271959
256 1024 1024 16 1 1292.282977 240.802690
256 1024 1024 32 1 1301.527881 238.693430
256 1024 1024 64 1 1233.288331 310.643391
256 1024 1024 128 1 1291.378416 265.459379
256 1024 1024 256 1 1303.524353 245.339423
256 1024 1024 1 1 1227.252539 326.076937
256 1024 1024 8 1 1199.091257 350.939013
256 1024 1024 16 1 1179.083437 365.834630
256 1024 1024 32 1 1322.621886 242.931471
256 1024 1024 64 1 1280.273132 282.282864
256 1024 1024 128 1 1287.443271 267.373036
256 1024 1024 256 1 1265.392855 290.271197
256 1024 1024 1 1 1284.011192 190.377808
256 1024 1024 8 1 1235.714954 365.421081
256 1024 1024 16 1 1287.015359 247.818201
256 1024 1024 32 1 1276.922881 342.579508
256 1024 1024 64 1 1291.691292 221.214124
256 1024 1024 128 1 1283.891332 351.440856
256 1024 1024 256 1 1283.558543 217.741644
256 1024 1024 1 1 1270.781528 396.578809
256 1024 1024 8 1 1278.732400 227.286759
256 1024 1024 16 1 1319.218729 141.400576
256 1024 1024 32 1 1264.803698 198.983794
256 1024 1024 64 1 1194.924537 273.044806
256 1024 1024 128 1 1254.329669 200.947298
256 1024 1024 256 1 1173.392899 294.317027
256 1024 1024 1 1 1194.170049 264.703505
256 1024 1024 8 1 1213.795202 245.297461
256 1024 1024 16 1 1175.606463 289.036891
256 1024 1024 32 1 1186.726275 282.062581
256 1024 1024 64 1 1235.908257 226.052086
256 1024 1024 128 1 1197.895325 259.466985
256 1024 1024 256 1 1234.017495 246.801965
256 1024 1024 1 1 1208.805679 221.826313
256 1024 1024 8 1 1192.480244 255.201734
256 1024 1024 16 1 1188.026349 244.427280
256 1024 1024 32 1 1190.685208 276.957276
256 1024 1024 64 1 1186.929761 258.493196
256 1024 1024 128 1 1287.171478 156.938914
256 1024 1024 256 1 1213.440613 234.027525
256 1024 1024 1 1 1221.624394 206.977248
256 1024 1024 8 1 1198.087771 239.836008
256 1024 1024 16 1 1239.206222 192.058482
256 1024 1024 32 1 1186.239031 271.350894
256 1024 1024 64 1 1213.644192 229.030643
256 1024 1024 128 1 1173.220063 287.918659
256 1024 1024 256 1 1163.531146 268.367003
256 1024 2048 1 1 2492.526580 486.688198
256 1024 2048 8 1 2323.606425 306.565991
256 1024 2048 16 1 2309.164904 699.337627
256 1024 2048 32 1 2358.362328 641.982003
256 1024 2048 64 1 2566.037440 477.915569
256 1024 2048 128 1 2563.222312 454.912148
256 1024 2048 256 1 2324.677707 688.599484
256 1024 2048 1 1 2310.652857 448.880560
256 1024 2048 8 1 2677.081908 150.597055
256 1024 2048 16 1 2374.697734 304.730297
256 1024 2048 32 1 2274.045052 428.504408
256 1024 2048 64 1 2354.895745 420.294427
256 1024 2048 128 1 2292.827603 429.688116
256 1024 2048 256 1 2573.746031 208.905031
256 1024 2048 1 1 2586.384213 175.979523
256 1024 2048 8 1 2342.441564 369.680843
256 1024 2048 16 1 2667.867084 142.709723
256 1024 2048 32 1 2329.497533 349.200823
256 1024 2048 64 1 2393.961258 353.079917
256 1024 2048 128 1 2374.627706 358.348616
256 1024 2048 256 1 2349.447431 462.321874
256 1024 2048 1 1 2360.212390 366.977943
256 1024 2048 8 1 2333.854027 345.442292
256 1024 2048 16 1 2377.148908 347.854518
256 1024 2048 32 1 2312.848557 426.481778
256 1024 2048 64 1 2346.569912 390.833404
256 1024 2048 128 1 2323.955335 416.095854
256 1024 2048 256 1 2372.074476 346.185462
256 1024 2048 1 1 2587.567606 218.060073
256 1024 2048 8 1 2576.862223 210.059912
256 1024 2048 16 1 2336.388248 445.998890
256 1024 2048 32 1 2351.121801 410.204147
256 1024 2048 64 1 2409.776059 359.308443
256 1024 2048 128 1 2358.101842 403.628065
256 1024 2048 256 1 2439.916033 323.078065
256 1024 2048 1 1 2350.330784 410.440966
256 1024 2048 8 1 2385.014517 371.133637
256 1024 2048 16 1 2681.050696 128.789939
256 1024 2048 32 1 2342.691405 400.112577
256 1024 2048 64 1 2696.240337 131.288380
256 1024 2048 128 1 2290.392828 691.192851
256 1024 2048 256 1 2386.844252 442.575750
256 1024 2048 1 1 2271.920646 479.701570
256 1024 2048 8 1 2323.025813 416.389667
256 1024 2048 16 1 2298.648661 451.078237
256 1024 2048 32 1 2348.068714 403.201663
256 1024 2048 64 1 2318.072636 428.452099
256 1024 2048 128 1 2625.002715 154.163906
256 1024 2048 256 1 2292.751851 422.196221
256 2048 32 1 1 54.663217 670.224535
256 2048 32 8 1 54.654312 680.515538
256 2048 32 16 1 54.660281 121.704718
256 2048 32 32 1 54.671178 117.286675
256 2048 32 64 1 54.665378 120.303909
256 2048 32 128 1 54.682510 146.259465
256 2048 32 256 1 54.661529 611.869813
256 2048 32 1 1 54.662637 677.492931
256 2048 32 8 1 54.642569 677.090031
256 2048 32 16 1 54.701785 650.018900
256 2048 32 32 1 54.672228 136.454282
256 2048 32 64 1 54.667943 643.782913
256 2048 32 128 1 54.685136 127.748264
256 2048 32 256 1 54.669552 646.210993
256 2048 32 1 1 54.647807 131.701165
256 2048 32 8 1 54.672044 643.258591
256 2048 32 16 1 54.679988 133.499265
256 2048 32 32 1 54.657515 641.078848
256 2048 32 64 1 54.647392 129.449389
256 2048 32 128 1 54.662186 278.330009
256 2048 32 256 1 54.664717 664.039164
256 2048 32 1 1 54.653362 459.568515
256 2048 32 8 1 54.676937 128.533677
256 2048 32 16 1 54.649753 133.797951
256 2048 32 32 1 54.640719 136.189714
256 2048 32 64 1 54.661753 288.852600
256 2048 32 128 1 54.660092 669.355581
256 2048 32 256 1 54.637408 689.991055
256 2048 32 1 1 54.637354 471.279114
256 2048 32 8 1 54.654539 132.298680
256 2048 32 16 1 54.652691 128.265250
256 2048 32 32 1 54.737219 144.086773
256 2048 32 64 1 54.670732 278.891984
256 2048 32 128 1 54.692866 638.934912
256 2048 32 256 1 54.667795 681.035455
256 2048 32 1 1 54.660621 120.413658
256 2048 32 8 1 54.671921 123.506370
256 2048 32 16 1 54.672788 139.723575
256 2048 32 32 1 54.696560 142.623507
256 2048 32 64 1 54.669863 139.881582
256 2048 32 128 1 54.668698 299.712430
256 2048 32 256 1 54.657767 669.408623
256 2048 32 1 1 54.667646 668.634818
256 2048 32 8 1 54.641618 128.849693
256 2048 32 16 1 54.640757 133.501294
256 2048 32 32 1 54.648650 137.699531
256 2048 32 64 1 54.638818 298.727025
256 2048 32 128 1 54.667304 651.055368
256 2048 32 256 1 54.643415 458.466740
256 2048 256 1 1 578.142437 331.662436
256 2048 256 8 1 578.798153 184.102147
256 2048 256 16 1 585.759799 173.751553
256 2048 256 32 1 569.813496 207.796420
256 2048 256 64 1 592.589783 187.291890
256 2048 256 128 1 587.302172 169.975380
256 2048 256 256 1 589.864300 186.962082
256 2048 256 1 1 577.075529 212.360332
256 2048 256 8 1 546.303451 219.065630
256 2048 256 16 1 643.137377 129.078052
256 2048 256 32 1 565.793283 211.630267
256 2048 256 64 1 635.813040 144.871288
256 2048 256 128 1 577.589812 196.758975
256 2048 256 256 1 594.664490 175.461374
256 2048 256 1 1 582.644950 198.698274
256 2048 256 8 1 579.361196 192.779415
256 2048 256 16 1 576.389717 201.585495
256 2048 256 32 1 582.625013 193.360850
256 2048 256 64 1 605.709450 165.212079
256 2048 256 128 1 583.929819 182.588383
256 2048 256 256 1 563.097918 211.935205
256 2048 256 1 1 568.075420 200.067377
256 2048 256 8 1 564.478442 214.123080
256 2048 256 16 1 584.111367 189.566335
256 2048 256 32 1 597.670536 180.283969
256 2048 256 64 1 573.733774 192.783938
256 2048 256 128 1 570.474174 212.510172
256 2048 256 256 1 589.000771 179.977854
256 2048 256 1 1 580.497068 175.473568
256 2048 256 8 1 569.542389 195.703261
256 2048 256 16 1 586.518299 173.624244
256 2048 256 32 1 566.126952 216.106829
256 2048 256 64 1 585.888043 196.486258
256 2048 256 128 1 604.786337 154.328356
256 2048 256 256 1 561.459538 465.783882
256 2048 256 1 1 593.250601 303.168436
256 2048 256 8 1 584.950840 438.309177
256 2048 256 16 1 567.588935 337.730893
256 2048 256 32 1 587.132309 440.725929
256 2048 256 64 1 582.864974 312.849420
256 2048 256 128 1 563.380055 472.300365
256 2048 256 256 1 613.558584 323.909774
256 2048 256 1 1 579.398986 454.161217
256 2048 256 8 1 572.388145 459.250497
256 2048 256 16 1 589.882535 196.738679
256 2048 256 32 1 577.245738 209.714965
256 2048 256 64 1 576.109035 213.580234
256 2048 256 128 1 628.799804 150.318909
256 2048 256 256 1 594.007425 179.566606
256 2048 1024 1 1 2349.491848 422.171781
256 2048 1024 8 1 2363.891510 376.618266
256 2048 1024 16 1 2318.461477 420.928112
256 2048 1024 32 1 2351.311433 386.501626
256 2048 1024 64 1 2332.234781 413.614061
256 2048 1024 128 1 2715.844712 124.288464
256 2048 1024 256 1 2339.275382 352.920706
256 2048 1024 1 1 2371.551738 375.185572
256 2048 1024 8 1 2522.018361 554.152440
256 2048 1024 16 1 2571.902310 172.023292
256 2048 1024 32 1 2578.806618 166.806899
256 2048 1024 64 1 2575.577956 170.466176
256 2048 1024 128 1 2582.983719 176.638396
256 2048 1024 256 1 2574.619360 167.243783
256 2048 1024 1 1 2571.151266 195.899299
256 2048 1024 8 1 2576.858721 157.933956
256 2048 1024 16 1 2309.612297 413.329043
256 2048 1024 32 1 2351.221013 383.924815
256 2048 1024 64 1 2414.988417 374.009652
256 2048 1024 128 1 2609.863378 357.985713
256 2048 1024 256 1 2391.781686 546.634325
256 2048 1024 1 1 2303.857765 625.969604
256 2048 1024 8 1 2382.278048 548.446040
256 2048 1024 16 1 2365.747012 371.981822
256 2048 1024 32 1 2631.874745 169.540220
256 2048 1024 64 1 2674.535340 129.908281
256 2048 1024 128 1 2318.023523 119.505127
256 2048 1024 256 1 2321.166404 679.715638
256 2048 1024 1 1 2343.269041 526.725545
256 2048 1024 8 1 2293.582850 124.009829
256 2048 1024 16 1 2318.838270 681.096636
256 2048 1024 32 1 2325.610779 433.094772
256 2048 1024 64 1 2300.027269 426.531309
256 2048 1024 128 1 2356.218536 374.610673
256 2048 1024 256 1 2666.959469 140.901979
256 2048 1024 1 1 2317.150819 345.791718
256 2048 1024 8 1 2354.727451 378.108278
256 2048 1024 16 1 2328.823657 493.612873
256 2048 1024 32 1 2683.271361 124.137389
256 2048 1024 64 1 2360.308331 660.589569
256 2048 1024 128 1 2315.083394 417.075727
256 2048 1024 256 1 2399.963803 353.450633
256 2048 1024 1 1 2319.650174 695.328175
256 2048 1024 8 1 2351.433194 649.355795
256 2048 1024 16 1 2518.988132 490.734004
256 2048 1024 32 1 2335.839560 677.134801
256 2048 1024 64 1 2343.802981 643.958999
256 2048 1024 128 1 2332.670590 431.367828
256 2048 1024 256 1 2645.406882 133.570394
256 2048 2048 1 1 4670.204542 152.167821
256 2048 2048 8 1 4587.556015 456.362055
256 2048 2048 16 1 4585.237682 150.334402
256 2048 2048 32 1 4623.786314 128.729490
256 2048 2048 64 1 4538.522498 139.517166
256 2048 2048 128 1 4734.458818 124.023881
256 2048 2048 256 1 4619.823043 341.851572
256 2048 2048 1 1 5249.889695 476.091897
256 2048 2048 8 1 4587.316825 146.067796
256 2048 2048 16 1 4553.312218 152.619308
256 2048 2048 32 1 4661.248899 327.956059
256 2048 2048 64 1 5188.509830 684.573398
256 2048 2048 128 1 4621.068854 359.231758
256 2048 2048 256 1 4606.672402 151.723824
256 2048 2048 1 1 4586.155636 176.077092
256 2048 2048 8 1 4614.676025 138.710467
256 2048 2048 16 1 5223.187272 686.222178
256 2048 2048 32 1 4620.420695 155.319577
256 2048 2048 64 1 5290.747590 388.264461
256 2048 2048 128 1 4628.055662 137.023880
256 2048 2048 256 1 4661.878490 132.808703
256 2048 2048 1 1 4635.679357 375.513003
256 2048 2048 8 1 4660.288911 127.370324
256 2048 2048 16 1 4597.538252 640.348928
256 2048 2048 32 1 4591.894225 160.376609
256 2048 2048 64 1 4718.729903 121.502325
256 2048 2048 128 1 4606.115725 404.819256
256 2048 2048 256 1 4596.727193 372.138919
256 2048 2048 1 1 4641.327552 418.049735
256 2048 2048 8 1 4684.558156 123.964526
256 2048 2048 16 1 4876.741705 170.949239
256 2048 2048 32 1 4646.068507 129.767497
256 2048 2048 64 1 4588.242857 644.330623
256 2048 2048 128 1 4610.561937 155.670890
256 2048 2048 256 1 4678.022864 125.730517
256 2048 2048 1 1 4553.052993 451.274952
256 2048 2048 8 1 4693.657315 139.752264
256 2048 2048 16 1 4616.873124 373.646979
256 2048 2048 32 1 5321.775740 377.779582
256 2048 2048 64 1 4624.656820 350.081009
256 2048 2048 128 1 4575.896377 353.090550
256 2048 2048 256 1 4571.900861 148.122956
256 2048 2048 1 1 4616.238783 164.617064
256 2048 2048 8 1 4722.502010 313.741815
256 2048 2048 16 1 5339.653359 355.768946
256 2048 2048 32 1 4570.984532 141.386868
256 2048 2048 64 1 4536.872361 143.763228
256 2048 2048 128 1 5325.408830 360.818179
256 2048 2048 256 1 4618.713774 146.912642
1024 32 32 1 1 3.216167 684.243075
1024 32 32 8 1 3.209142 123.562064
1024 32 32 16 1 3.217354 122.775795
1024 32 32 32 1 3.211171 146.004242
1024 32 32 64 1 3.219973 688.836685
1024 32 32 128 1 3.212604 123.592918
1024 32 32 256 1 3.217635 122.439320
1024 32 32 1 1 3.218162 141.520169
1024 32 32 8 1 3.213439 674.840493
1024 32 32 16 1 3.223380 119.144434
1024 32 32 32 1 3.214169 127.130638
1024 32 32 64 1 3.214589 368.982515
1024 32 32 128 1 3.214492 678.477662
1024 32 32 256 1 3.213638 115.997378
1024 32 32 1 1 3.221113 145.716858
1024 32 32 8 1 3.217246 691.416910
1024 32 32 16 1 3.215729 460.616505
1024 32 32 32 1 3.213916 115.863714
1024 32 32 64 1 3.222857 153.009139
1024 32 32 128 1 3.217223 674.617171
1024 32 32 256 1 3.223443 463.153269
1024 32 32 1 1 3.216799 125.699059
1024 32 32 8 1 3.223204 141.226946
1024 32 32 16 1 3.233841 676.519399
1024 32 32 32 1 3.222120 116.166386
1024 32 32 64 1 3.214663 150.552085
1024 32 32 128 1 3.213942 340.245872
1024 32 32 256 1 3.214940 673.258107
1024 32 32 1 1 3.213856 115.665648
1024 32 32 8 1 3.220978 150.938980
1024 32 32 16 1 3.214298 672.254639
1024 32 32 32 1 3.216237 116.037421
1024 32 32 64 1 3.223507 147.783159
1024 32 32 128 1 3.228198 333.551233
1024 32 32 256 1 3.230902 672.479537
1024 32 32 1 1 3.215018 338.234423
1024 32 32 8 1 3.213433 145.247927
1024 32 32 16 1 3.217937 668.205817
1024 32 32 32 1 3.212766 156.388401
1024 32 32 64 1 3.210921 671.890458
1024 32 32 128 1 3.223656 148.166778
1024 32 32 256 1 3.213407 672.932326
1024 32 32 1 1 3.219582 142.396701
1024 32 32 8 1 3.218255 672.116665
1024 32 32 16 1 3.214020 143.100527
1024 32 32 32 1 3.209717 678.813115
1024 32 32 64 1 3.218743 115.766199
1024 32 32 128 1 3.221368 121.170103
1024 32 32 256 1 3.212799 140.413262
1024 32 256 1 1 25.753074 684.403175
1024 32 256 8 1 25.775669 682.757360
1024 32 256 16 1 25.777722 116.375087
1024 32 256 32 1 25.754007 130.417035
1024 32 256 64 1 25.798592 672.601114
1024 32 256 128 1 25.788545 681.097689
1024 32 256 256 1 25.806862 117.284115
1024 32 256 1 1 25.826958 133.238155
1024 32 256 8 1 25.768220 678.729686
1024 32 256 16 1 25.749449 673.962587
1024 32 256 32 1 25.794273 115.514072
1024 32 256 64 1 25.788199 123.587488
1024 32 256 128 1 25.811150 689.490759
1024 32 256 256 1 25.763569 673.751225
1024 32 256 1 1 25.774325 119.604508
1024 32 256 8 1 25.752988 124.519435
1024 32 256 16 1 25.720884 686.313072
1024 32 256 32 1 25.715708 688.793213
1024 32 256 64 1 25.760459 115.055574
1024 32 256 128 1 25.786591 123.283002
1024 32 256 256 1 25.816327 129.247434
1024 32 256 1 1 25.776341 691.297233
1024 32 256 8 1 25.769406 123.541574
1024 32 256 16 1 25.775271 123.035588
1024 32 256 32 1 25.798434 118.401399
1024 32 256 64 1 25.827087 701.375015
1024 32 256 128 1 25.784072 672.271918
1024 32 256 256 1 25.783132 117.987437
1024 32 256 1 1 25.782514 118.802233
1024 32 256 8 1 25.773568 140.305831
1024 32 256 16 1 25.789484 698.986684
1024 32 256 32 1 25.780460 119.266515
1024 32 256 64 1 25.745994 122.920698
1024 32 256 128 1 25.801296 123.000877
1024 32 256 256 1 25.783863 705.035524
1024 32 256 1 1 25.758303 674.195048
1024 32 256 8 1 25.772087 117.572704
1024 32 256 16 1 25.790819 119.401921
1024 32 256 32 1 25.803799 344.244896
1024 32 256 64 1 25.784512 677.618361
1024 32 256 128 1 25.781106 114.505495
1024 32 256 256 1 25.789762 138.131545
1024 32 256 1 1 25.813242 134.107602
1024 32 256 8 1 25.775050 697.199228
1024 32 256 16 1 25.784036 449.505765
1024 32 256 32 1 25.764970 125.926826
1024 32 256 64 1 25.757063 136.358271
1024 32 256 128 1 25.779066 692.840916
1024 32 256 256 1 25.796543 680.386948
1024 32 1024 1 1 109.812722 678.834979
1024 32 1024 8 1 109.793402 675.178836
1024 32 1024 16 1 109.833386 677.724295
1024 32 1024 32 1 109.704807 680.232573
1024 32 1024 64 1 109.944523 679.853712
1024 32 1024 128 1 109.893284 671.485873
1024 32 1024 256 1 109.815931 671.917829
1024 32 1024 1 1 109.879109 670.517406
1024 32 1024 8 1 109.953974 683.962825
1024 32 1024 16 1 109.860575 677.948871
1024 32 1024 32 1 109.815271 675.046611
1024 32 1024 64 1 109.745871 673.623353
1024 32 1024 128 1 109.882719 671.008411
1024 32 1024 256 1 109.821359 708.531310
1024 32 1024 1 1 109.838326 680.792242
1024 32 1024 8 1 109.876534 694.006220
1024 32 1024 16 1 109.924446 681.000822
1024 32 1024 32 1 109.877283 679.881781
1024 32 1024 64 1 109.931089 677.556256
1024 32 1024 128 1 110.099015 118.710482
1024 32 1024 256 1 109.823057 122.605978
1024 32 1024 1 1 109.852566 118.960304
1024 32 1024 8 1 109.878018 118.367884
1024 32 1024 16 1 109.873658 130.321383
1024 32 1024 32 1 109.725614 118.593507
1024 32 1024 64 1 110.104294 120.725424
1024 32 1024 128 1 109.858839 118.314679
1024 32 1024 256 1 109.826207 120.890225
1024 32 1024 1 1 109.942527 124.790037
1024 32 1024 8 1 109.817348 122.777429
1024 32 1024 16 1 109.861541 141.471389
1024 32 1024 32 1 109.869631 142.963705
1024 32 1024 64 1 109.701892 149.817301
1024 32 1024 128 1 109.813746 142.015821
1024 32 1024 256 1 109.823648 154.154938
1024 32 1024 1 1 109.703933 148.331534
1024 32 1024 8 1 109.820679 150.669963
1024 32 1024 16 1 109.805550 149.805147
1024 32 1024 32 1 109.840138 247.051018
1024 32 1024 64 1 109.783027 595.614151
1024 32 1024 128 1 109.853502 683.865461
1024 32 1024 256 1 109.823119 676.313940
1024 32 1024 1 1 109.889229 675.531515
1024 32 1024 8 1 109.856624 687.139522
1024 32 1024 16 1 109.971033 672.536080
1024 32 1024 32 1 109.844561 676.709174
1024 32 1024 64 1 109.840408 678.870736
1024 32 1024 128 1 109.754339 674.213112
1024 32 1024 256 1 109.901132 682.790092
1024 32 2048 1 1 221.323689 581.040629
1024 32 2048 8 1 222.348549 562.240440
1024 32 2048 16 1 222.330989 561.796480
1024 32 2048 32 1 222.423434 567.764669
1024 32 2048 64 1 220.968138 566.366263
1024 32 2048 128 1 225.561361 561.529413
1024 32 2048 256 1 221.342376 339.795020
1024 32 2048 1 1 221.906534 355.612628
1024 32 2048 8 1 221.765200 342.823036
1024 32 2048 16 1 223.393248 339.223605
1024 32 2048 32 1 222.176786 332.334535
1024 32 2048 64 1 221.897697 329.186551
1024 32 2048 128 1 221.468233 330.371136
1024 32 2048 256 1 222.310325 332.216844
1024 32 2048 1 1 222.787077 333.018081
1024 32 2048 8 1 221.099619 344.868927
1024 32 2048 16 1 222.354264 334.244579
1024 32 2048 32 1 222.172904 337.766749
1024 32 2048 64 1 222.862108 332.878444
1024 32 2048 128 1 222.325970 305.697363
1024 32 2048 256 1 222.330213 377.052079
1024 32 2048 1 1 222.363672 370.896353
1024 32 2048 8 1 221.732185 364.936784
1024 32 2048 16 1 221.743474 366.104997
1024 32 2048 32 1 221.266395 372.392405
1024 32 2048 64 1 222.200743 354.753659
1024 32 2048 128 1 221.564039 366.915283
1024 32 2048 256 1 220.736197 363.925481
1024 32 2048 1 1 221.801283 367.318335
1024 32 2048 8 1 221.207695 361.437557
1024 32 2048 16 1 222.335349 363.220794
1024 32 2048 32 1 221.783735 360.449840
1024 32 2048 64 1 221.728401 360.962367
1024 32 2048 128 1 222.292905 353.479738
1024 32 2048 256 1 221.214309 347.765382
1024 32 2048 1 1 222.379308 349.031091
1024 32 2048 8 1 221.658568 341.591150
1024 32 2048 16 1 222.211298 343.134253
1024 32 2048 32 1 222.607996 122.408470
1024 32 2048 64 1 221.808596 122.643630
1024 32 2048 128 1 221.462434 688.580794
1024 32 2048 256 1 222.738261 119.981335
1024 32 2048 1 1 222.993499 675.951337
1024 32 2048 8 1 221.881896 119.658986
1024 32 2048 16 1 221.466996 693.433216
1024 32 2048 32 1 221.036419 119.455830
1024 32 2048 64 1 221.297070 679.461299
1024 32 2048 128 1 222.232525 121.455934
1024 32 2048 256 1 221.869392 672.357583
1024 256 32 1 1 27.105323 136.874198
1024 256 32 8 1 27.070329 680.089085
1024 256 32 16 1 27.079423 666.156926
1024 256 32 32 1 27.081917 115.282585
1024 256 32 64 1 27.085064 122.756962
1024 256 32 128 1 27.095099 153.751174
1024 256 32 256 1 27.086974 691.611292
1024 256 32 1 1 27.085279 667.065988
1024 256 32 8 1 27.089635 116.515809
1024 256 32 16 1 27.086455 132.169718
1024 256 32 32 1 27.084336 139.864228
1024 256 32 64 1 27.071633 680.995054
1024 256 32 128 1 27.080160 454.999293
1024 256 32 256 1 27.093426 114.522462
1024 256 32 1 1 27.109901 146.471579
1024 256 32 8 1 27.081409 354.373464
1024 256 32 16 1 27.086386 678.196058
1024 256 32 32 1 27.087952 448.120791
1024 256 32 64 1 27.085354 124.620635
1024 256 32 128 1 27.083845 132.676356
1024 256 32 256 1 27.098401 650.433236
1024 256 32 1 1 27.078858 669.221922
1024 256 32 8 1 27.086080 121.481268
1024 256 32 16 1 27.087399 144.663544
1024 256 32 32 1 27.092116 347.331093
1024 256 32 64 1 27.083363 686.932972
1024 256 32 128 1 27.091060 454.834145
1024 256 32 256 1 27.073589 127.265937
1024 256 32 1 1 27.085292 143.786960
1024 256 32 8 1 27.082558 338.242443
1024 256 32 16 1 27.080866 665.869244
1024 256 32 32 1 27.078729 122.185965
1024 256 32 64 1 27.077039 139.120715
1024 256 32 128 1 27.068139 317.574995
1024 256 32 256 1 27.074434 672.644553
1024 256 32 1 1 27.082359 455.717315
1024 256 32 8 1 27.066608 134.126083
1024 256 32 16 1 27.095980 135.926254
1024 256 32 32 1 27.084137 343.744953
1024 256 32 64 1 27.079295 665.458805
1024 256 32 128 1 27.099124 461.125738
1024 256 32 256 1 27.085863 125.279993
1024 256 32 1 1 27.083885 131.075501
1024 256 32 8 1 27.104243 351.893935
1024 256 32 16 1 27.086176 664.380734
1024 256 32 32 1 27.081704 458.348002
1024 256 32 64 1 27.104369 122.827799
1024 256 32 128 1 27.107965 335.299196
1024 256 32 256 1 27.094097 647.868780
1024 256 256 1 1 220.756202 570.489407
1024 256 256 8 1 220.807399 560.973001
1024 256 256 16 1 220.760122 581.096928
1024 256 256 32 1 220.778112 574.567955
1024 256 256 64 1 220.890030 566.008119
1024 256 256 128 1 220.833536 561.015239
1024 256 256 256 1 220.583073 565.606874
1024 256 256 1 1 220.888339 579.384522
1024 256 256 8 1 220.771804 576.473001
1024 256 256 16 1 220.811694 566.171013
1024 256 256 32 1 220.716623 570.955553
1024 256 256 64 1 220.810572 569.595062
1024 256 256 128 1 220.781535 568.430651
1024 256 256 256 1 220.764368 560.997261
1024 256 256 1 1 220.955742 574.514820
1024 256 256 8 1 220.792261 558.046695
1024 256 256 16 1 220.747033 585.730567
1024 256 256 32 1 220.784698 574.151729
1024 256 256 64 1 220.639715 570.895434
1024 256 256 128 1 220.791615 565.060532
1024 256 256 256 1 220.798546 564.644649
1024 256 256 1 1 220.702454 576.701417
1024 256 256 8 1 220.747571 482.069912
1024 256 256 16 1 220.606407 677.308244
1024 256 256 32 1 220.642678 122.819748
1024 256 256 64 1 220.733925 690.992426
1024 256 256 128 1 220.677951 123.615339
1024 256 256 256 1 220.706349 459.966912
1024 256 256 1 1 220.734026 119.377357
1024 256 256 8 1 220.785024 677.380729
1024 256 256 16 1 220.558117 117.650466
1024 256 256 32 1 220.682955 117.611630
1024 256 256 64 1 220.669108 122.181474
1024 256 256 128 1 220.859024 702.974105
1024 256 256 256 1 220.572196 604.736517
1024 256 256 1 1 220.974293 582.559605
1024 256 256 8 1 220.759262 575.437437
1024 256 256 16 1 220.724812 585.216984
1024 256 256 32 1 220.671781 580.688733
1024 256 256 64 1 220.714853 578.826266
1024 256 256 128 1 221.354261 586.522176
1024 256 256 256 1 220.761539 591.427765
1024 256 256 1 1 220.728607 584.712955
1024 256 256 8 1 220.658212 575.425147
1024 256 256 16 1 220.730335 584.602881
1024 256 256 32 1 220.650909 585.793017
1024 256 256 64 1 220.818951 582.987094
1024 256 256 128 1 220.936033 585.665762
1024 256 256 256 1 220.751045 589.251644
1024 256 1024 1 1 1121.105545 669.597305
1024 256 1024 8 1 1111.633621 678.993373
1024 256 1024 16 1 1026.848071 690.840930
1024 256 1024 32 1 1017.086827 117.076342
1024 256 1024 64 1 1009.771861 117.624660
1024 256 1024 128 1 1060.329924 118.352838
1024 256 1024 256 1 1071.557553 119.690606
1024 256 1024 1 1 1056.671794 635.381343
1024 256 1024 8 1 1078.051051 684.746687
1024 256 1024 16 1 912.835552 125.543528
1024 256 1024 32 1 1028.117611 128.032545
1024 256 1024 64 1 980.852527 156.089202
1024 256 1024 128 1 1085.412261 646.876784
1024 256 1024 256 1 1009.276214 659.508474
1024 256 1024 1 1 1158.340285 680.705702
1024 256 1024 8 1 1058.112860 677.202051
1024 256 1024 16 1 1050.220411 117.308103
1024 256 1024 32 1 1048.899480 119.185460
1024 256 1024 64 1 1081.112529 121.813211
1024 256 1024 128 1 1050.172085 153.050350
1024 256 1024 256 1 1023.102863 148.474466
1024 256 1024 1 1 908.325190 465.921841
1024 256 1024 8 1 1052.268821 120.177583
1024 256 1024 16 1 1138.881098 529.529185
1024 256 1024 32 1 1075.700112 146.917956
1024 256 1024 64 1 897.146188 120.647481
1024 256 1024 128 1 966.078822 133.059157
1024 256 1024 256 1 1094.137537 299.008300
1024 256 1024 1 1 1161.465699 137.962720
1024 256 1024 8 1 1123.644337 564.714935
1024 256 1024 16 1 898.313052 192.816668
1024 256 1024 32 1 1027.495381 136.134929
1024 256 1024 64 1 923.316955 343.019425
1024 256 1024 128 1 1109.457977 667.986969
1024 256 1024 256 1 1104.137920 667.357411
1024 256 1024 1 1 1007.981850 135.763746
1024 256 1024 8 1 1099.476450 125.276727
1024 256 1024 16 1 1055.679849 137.900445
1024 256 1024 32 1 1003.379614 317.248815
1024 256 1024 64 1 1071.698036 603.539202
1024 256 1024 128 1 965.664556 130.610442
1024 256 1024 256 1 913.832545 129.219325
1024 256 1024 1 1 1144.794540 527.193996
1024 256 1024 8 1 1025.868014 460.916475
1024 256 1024 16 1 1062.593792 125.582150
1024 256 1024 32 1 1066.741133 118.615821
1024 256 1024 64 1 1060.358098 288.884435
1024 256 1024 128 1 1217.346465 466.610056
1024 256 1024 256 1 1115.066863 665.684255
1024 256 2048 1 1 2748.412443 153.349923
1024 256 2048 8 1 2745.238989 565.296811
1024 256 2048 16 1 2744.539178 151.020343
1024 256 2048 32 1 2749.580915 141.214330
1024 256 2048 64 1 2723.745771 359.613054
1024 256 2048 128 1 2414.684246 350.213163
1024 256 2048 256 1 2715.690207 140.032450
1024 256 2048 1 1 2736.604671 331.556153
1024 256 2048 8 1 2694.446177 238.832358
1024 256 2048 16 1 2741.949646 150.916548
1024 256 2048 32 1 2763.828308 133.974848
1024 256 2048 64 1 2756.677748 170.209127
1024 256 2048 128 1 2755.297372 176.381893
1024 256 2048 256 1 2733.567380 273.195329
1024 256 2048 1 1 2744.951708 308.073126
1024 256 2048 8 1 2741.079018 253.110081
1024 256 2048 16 1 2710.873987 324.103978
1024 256 2048 32 1 2749.448573 254.413306
1024 256 2048 64 1 2742.802946 279.702851
1024 256 2048 128 1 2587.641858 392.466917
1024 256 2048 256 1 2717.567726 370.999555
1024 256 2048 1 1 2776.730694 214.974599
1024 256 2048 8 1 2734.366193 355.833790
1024 256 2048 16 1 2570.108142 125.785846
1024 256 2048 32 1 2477.289922 498.834185
1024 256 2048 64 1 2454.000850 375.837273
1024 256 2048 128 1 2478.733649 315.376368
1024 256 2048 256 1 2475.377268 121.139039
1024 256 2048 1 1 2498.882071 133.004951
1024 256 2048 8 1 2442.212560 572.268226
1024 256 2048 16 1 2503.466704 352.219638
1024 256 2048 32 1 2482.566428 120.723304
1024 256 2048 64 1 2445.734297 120.697613
1024 256 2048 128 1 2447.849667 135.117033
1024 256 2048 256 1 2468.220831 553.654469
1024 256 2048 1 1 2449.886620 143.194342
1024 256 2048 8 1 2469.678480 530.957663
1024 256 2048 16 1 2479.466787 388.656823
1024 256 2048 32 1 2484.779328 137.579464
1024 256 2048 64 1 2521.542961 134.270754
1024 256 2048 128 1 2477.596150 530.091102
1024 256 2048 256 1 2527.871957 320.608711
1024 256 2048 1 1 2311.738237 471.723901
1024 256 2048 8 1 2447.964569 334.091271
1024 256 2048 16 1 2497.075213 121.955387
1024 256 2048 32 1 2740.995265 667.711519
1024 256 2048 64 1 2452.084876 426.826279
1024 256 2048 128 1 2162.296842 386.728555
1024 256 2048 256 1 2489.334509 122.095833
1024 1024 32 1 1 109.369170 395.047498
1024 1024 32 8 1 109.366739 433.537471
1024 1024 32 16 1 109.387193 572.589841
1024 1024 32 32 1 109.357896 680.614160
1024 1024 32 64 1 109.358623 681.022077
1024 1024 32 128 1 109.445042 674.643403
1024 1024 32 256 1 109.401039 659.381139
1024 1024 32 1 1 109.364684 669.391919
1024 1024 32 8 1 109.394199 669.800520
1024 1024 32 16 1 109.656552 668.185240
1024 1024 32 32 1 109.371610 678.084806
1024 1024 32 64 1 109.384673 685.180860
1024 1024 32 128 1 109.355080 664.355836
1024 1024 32 256 1 109.356644 684.421649
1024 1024 32 1 1 109.373323 669.816358
1024 1024 32 8 1 109.371650 679.389677
1024 1024 32 16 1 109.391373 671.244215
1024 1024 32 32 1 109.413078 335.833398
1024 1024 32 64 1 109.386217 408.540980
1024 1024 32 128 1 109.389466 332.897881
1024 1024 32 256 1 109.339939 602.102537
1024 1024 32 1 1 109.358701 335.261624
1024 1024 32 8 1 109.380272 268.756416
1024 1024 32 16 1 109.365466 337.962368
1024 1024 32 32 1 109.333104 265.245727
1024 1024 32 64 1 109.337810 337.400994
1024 1024 32 128 1 109.411008 335.624018
1024 1024 32 256 1 109.367099 339.158828
1024 1024 32 1 1 109.352127 345.152261
1024 1024 32 8 1 109.405036 344.588831
1024 1024 32 16 1 109.361026 345.663454
1024 1024 32 32 1 109.415475 345.302349
1024 1024 32 64 1 109.351287 340.631023
1024 1024 32 128 1 109.390746 337.210360
1024 1024 32 256 1 109.443774 327.792352
1024 1024 32 1 1 109.335980 346.802213
1024 1024 32 8 1 109.357490 334.820642
1024 1024 32 16 1 109.355545 336.095970
1024 1024 32 32 1 109.363332 334.676370
1024 1024 32 64 1 109.363705 325.737536
1024 1024 32 128 1 109.366837 336.211729
1024 1024 32 256 1 109.379413 332.001308
1024 1024 32 1 1 109.334888 331.502766
1024 1024 32 8 1 109.390131 335.455020
1024 1024 32 16 1 109.425269 335.774140
1024 1024 32 32 1 109.360653 330.511784
1024 1024 32 64 1 109.358365 330.891143
1024 1024 32 128 1 109.347325 333.982407
1024 1024 32 256 1 109.363473 333.352034
1024 1024 256 1 1 989.340031 126.339965
1024 1024 256 8 1 888.227080 479.300548
1024 1024 256 16 1 955.996809 139.139530
1024 1024 256 32 1 953.186513 129.790779
1024 1024 256 64 1 928.171170 484.611464
1024 1024 256 128 1 947.080059 133.946053
1024 1024 256 256 1 926.859345 120.803559
1024 1024 256 1 1 972.175204 137.905029
1024 1024 256 8 1 881.882938 204.330082
1024 1024 256 16 1 877.989907 165.106980
1024 1024 256 32 1 878.209495 118.255633
1024 1024 256 64 1 977.003233 341.764720
1024 1024 256 128 1 936.186678 487.418577
1024 1024 256 256 1 961.198885 119.605094
1024 1024 256 1 1 881.616481 141.773958
1024 1024 256 8 1 918.078543 129.882040
1024 1024 256 16 1 923.891928 118.244590
1024 1024 256 32 1 879.192672 393.880356
1024 1024 256 64 1 979.798487 491.094683
1024 1024 256 128 1 933.380398 120.210198
1024 1024 256 256 1 937.710195 353.910500
1024 1024 256 1 1 924.156360 134.559527
1024 1024 256 8 1 934.163078 120.452152
1024 1024 256 16 1 950.616432 340.684769
1024 1024 256 32 1 886.251111 130.484432
1024 1024 256 64 1 937.710829 334.652885
1024 1024 256 128 1 949.082766 125.009021
1024 1024 256 256 1 923.214773 331.984158
1024 1024 256 1 1 877.897018 134.685355
1024 1024 256 8 1 877.646209 208.433642
1024 1024 256 16 1 940.841859 135.416748
1024 1024 256 32 1 968.046932 123.305076
1024 1024 256 64 1 885.121579 471.278781
1024 1024 256 128 1 979.494704 123.856373
1024 1024 256 256 1 963.709439 336.291873
1024 1024 256 1 1 878.070909 131.077375
1024 1024 256 8 1 882.628671 123.228651
1024 1024 256 16 1 878.552659 135.813369
1024 1024 256 32 1 941.560425 125.815706
1024 1024 256 64 1 933.940419 339.596064
1024 1024 256 128 1 877.857931 121.214347
1024 1024 256 256 1 985.759736 130.273516
1024 1024 256 1 1 885.791673 481.426636
1024 1024 256 8 1 1012.874756 127.814874
1024 1024 256 16 1 976.452907 347.288792
1024 1024 256 32 1 957.530239 474.821426
1024 1024 256 64 1 956.292380 126.418257
1024 1024 256 128 1 886.066307 181.678390
1024 1024 256 256 1 941.383133 472.727061
1024 1024 1024 1 1 4665.671396 274.217599
1024 1024 1024 8 1 4661.422340 641.821883
1024 1024 1024 16 1 5292.518156 453.141625
1024 1024 1024 32 1 4711.772449 132.410368
1024 1024 1024 64 1 4691.394029 122.135592
1024 1024 1024 128 1 4693.972835 332.491887
1024 1024 1024 256 1 4668.025554 326.050789
1024 1024 1024 1 1 4720.038606 297.212273
1024 1024 1024 8 1 4689.170103 224.586790
1024 1024 1024 16 1 4724.393544 298.758794
1024 1024 1024 32 1 4643.476514 313.063439
1024 1024 1024 64 1 4754.992824 293.316519
1024 1024 1024 128 1 5197.061290 124.001325
1024 1024 1024 256 1 5222.691932 686.996958
1024 1024 1024 1 1 4709.185689 178.639208
1024 1024 1024 8 1 5255.091031 379.282196
1024 1024 1024 16 1 5232.169899 514.995724
1024 1024 1024 32 1 5247.668697 494.367244
1024 1024 1024 64 1 5245.933354 473.602525
1024 1024 1024 128 1 5239.747092 510.772442
1024 1024 1024 256 1 4672.803203 344.659997
1024 1024 1024 1 1 5228.146818 526.473299
1024 1024 1024 8 1 5193.202678 474.806065
1024 1024 1024 16 1 5251.870462 447.509200
1024 1024 1024 32 1 5116.247664 610.235234
1024 1024 1024 64 1 5250.312901 494.558815
1024 1024 1024 128 1 5227.926578 522.805216
1024 1024 1024 256 1 5226.367664 518.446883
1024 1024 1024 1 1 5234.905845 556.739304
1024 1024 1024 8 1 5242.239367 525.747913
1024 1024 1024 16 1 5223.871618 553.111263
1024 1024 1024 32 1 4775.013284 123.895985
1024 1024 1024 64 1 5188.485594 122.179358
1024 1024 1024 128 1 4806.184212 195.288239
1024 1024 1024 256 1 4686.247592 143.248171
1024 1024 1024 1 1 4770.936720 154.238756
1024 1024 1024 8 1 4706.147209 340.945423
1024 1024 1024 16 1 4684.272765 147.569091
1024 1024 1024 32 1 4772.596181 126.158013
1024 1024 1024 64 1 4862.762957 171.143202
1024 1024 1024 128 1 4737.608468 139.919430
1024 1024 1024 256 1 5362.002313 706.206554
1024 1024 1024 1 1 5229.520376 558.784622
1024 1024 1024 8 1 5253.965295 470.863867
1024 1024 1024 16 1 5239.299284 515.253059
1024 1024 1024 32 1 5223.706639 518.042295
1024 1024 1024 64 1 4652.606852 148.531667
1024 1024 1024 128 1 5435.532681 281.574897
1024 1024 1024 256 1 5191.840821 537.251541
1024 1024 2048 1 1 10138.558784 179.516719
1024 1024 2048 8 1 10315.784669 578.806596
1024 1024 2048 16 1 10372.190453 395.994836
1024 1024 2048 32 1 10225.619495 521.101357
1024 1024 2048 64 1 9167.093730 564.119745
1024 1024 2048 128 1 9319.943296 415.403007
1024 1024 2048 256 1 10732.428609 129.264554
1024 1024 2048 1 1 9126.714827 180.180359
1024 1024 2048 8 1 9130.022640 134.642776
1024 1024 2048 16 1 10755.868453 242.302270
1024 1024 2048 32 1 9349.873569 375.934388
1024 1024 2048 64 1 9381.795056 348.072677
1024 1024 2048 128 1 9419.371353 311.975646
1024 1024 2048 256 1 9919.129019 687.685645
1024 1024 2048 1 1 10344.993592 543.489898
1024 1024 2048 8 1 9421.181144 558.281897
1024 1024 2048 16 1 10208.545895 513.490933
1024 1024 2048 32 1 9244.452321 479.009642
1024 1024 2048 64 1 10260.168516 464.695581
1024 1024 2048 128 1 9367.155591 355.581582
1024 1024 2048 256 1 9153.282077 587.330893
1024 1024 2048 1 1 9242.404313 540.284337
1024 1024 2048 8 1 9500.058941 222.416698
1024 1024 2048 16 1 9383.076587 629.914638
1024 1024 2048 32 1 9160.903568 583.730388
1024 1024 2048 64 1 9371.417450 375.804604
1024 1024 2048 128 1 10803.250903 136.849834
1024 1024 2048 256 1 10693.444821 321.288203
1024 1024 2048 1 1 9181.252881 577.042051
1024 1024 2048 8 1 9261.611604 438.294311
1024 1024 2048 16 1 10587.626699 158.005638
1024 1024 2048 32 1 9207.941987 699.482741
