10000 10000 10000 1 1 0.000058 39169.302867
10000 10000 10000 2 1 0.000040 20935.526677
10000 10000 10000 3 1 0.000076 15124.096338
10000 10000 10000 4 1 0.000044 11962.658517
10000 10000 10000 5 1 0.000056 9517.842728
10000 10000 10000 6 1 0.000036 8818.185869
10000 10000 10000 7 1 0.000036 7879.551745
10000 10000 10000 8 1 0.000055 6744.671282
10000 10000 10000 9 1 0.000038 6767.473824
10000 10000 10000 10 1 0.000036 5770.082780
10000 10000 10000 11 1 0.000039 5426.943815
10000 10000 10000 12 1 0.000028 5719.309065
10000 10000 10000 13 1 0.000060 5437.918537
10000 10000 10000 14 1 0.000050 5316.647520
10000 10000 10000 15 1 0.000046 5124.326556
10000 10000 10000 16 1 0.000049 5547.110062
10000 10000 10000 17 1 0.000054 4899.899805
10000 10000 10000 18 1 0.000037 4262.248106
10000 10000 10000 19 1 0.000038 4168.877872
10000 10000 10000 20 1 0.000044 4131.516143
10000 10000 10000 21 1 0.000052 4036.587565
10000 10000 10000 22 1 0.000038 4132.833230
10000 10000 10000 23 1 0.000037 4464.442004
10000 10000 10000 24 1 0.000041 4610.614880
10000 10000 10000 25 1 0.000037 4419.766200
10000 10000 10000 26 1 0.000037 4537.642975
10000 10000 10000 27 1 0.000037 4601.326084
10000 10000 10000 28 1 0.000052 4057.007199
10000 10000 10000 29 1 0.000051 4100.911128
10000 10000 10000 30 1 0.000027 4049.532704
10000 10000 10000 31 1 0.000047 4085.858599
10000 10000 10000 32 1 0.000047 3502.032792
