32 32 32 32 32 0.000000 371.992591
32 32 256 32 32 0.802560 0.000000
32 32 256 32 32 0.000000 117.212122
32 32 1024 32 32 3.461919 0.000000
32 32 1024 32 32 0.000000 118.673012
32 32 2048 32 32 7.021419 0.000000
32 32 2048 32 32 0.000000 115.528232
32 32 4096 32 32 14.262815 0.000000
32 32 4096 32 32 0.000000 115.281521
32 32 10000 32 32 31.979605 0.000000
32 32 10000 32 32 0.000000 116.415561
32 256 32 32 32 0.847044 0.000000
32 256 32 32 32 0.000000 117.131590
32 256 256 32 32 6.898334 0.000000
32 256 256 32 32 0.000000 114.047633
32 256 1024 32 32 34.189617 0.000000
32 256 1024 32 32 0.000000 341.661454
32 256 2048 32 32 66.939217 0.000000
32 256 2048 32 32 0.000000 119.759740
32 256 4096 32 32 164.892160 0.000000
32 256 4096 32 32 0.000000 117.410449
32 256 10000 32 32 273.131287 0.000000
32 256 10000 32 32 0.000000 116.050104
32 1024 32 32 32 3.420112 0.000000
32 1024 32 32 32 0.000000 120.259237
32 1024 256 32 32 30.470168 0.000000
32 1024 256 32 32 0.000000 114.554726
32 1024 1024 32 32 180.369585 0.000000
32 1024 1024 32 32 0.000000 114.853617
32 1024 2048 32 32 285.390083 0.000000
32 1024 2048 32 32 0.000000 115.077671
32 1024 4096 32 32 588.920299 0.000000
32 1024 4096 32 32 0.000000 125.786216
32 1024 10000 32 32 1262.429226 0.000000
32 1024 10000 32 32 0.000000 119.584560
32 2048 32 32 32 6.837263 0.000000
32 2048 32 32 32 0.000000 118.541166
32 2048 256 32 32 84.687991 0.000000
32 2048 256 32 32 0.000000 116.059576
32 2048 1024 32 32 291.475129 0.000000
32 2048 1024 32 32 0.000000 118.595889
32 2048 2048 32 32 585.949256 0.000000
32 2048 2048 32 32 0.000000 116.134861
32 2048 4096 32 32 2657.202177 0.000000
32 2048 4096 32 32 0.000000 336.330626
32 2048 10000 32 32 2622.198450 0.000000
32 2048 10000 32 32 0.000000 335.053708
32 4096 32 32 32 13.669708 0.000000
32 4096 32 32 32 0.000000 115.620538
32 4096 256 32 32 208.180199 0.000000
32 4096 256 32 32 0.000000 116.410703
32 4096 1024 32 32 582.422363 0.000000
32 4096 1024 32 32 0.000000 125.291352
32 4096 2048 32 32 2467.368504 0.000000
32 4096 2048 32 32 0.000000 331.047320
32 4096 4096 32 32 6332.702108 0.000000
32 4096 4096 32 32 0.000000 122.323877
32 4096 10000 32 32 5395.979516 0.000000
32 4096 10000 32 32 0.000000 149.002569
32 10000 32 32 32 37.423525 0.000000
32 10000 32 32 32 0.000000 115.246153
32 10000 256 32 32 336.582230 0.000000
32 10000 256 32 32 0.000000 116.184493
32 10000 1024 32 32 3108.837557 0.000000
32 10000 1024 32 32 0.000000 133.653623
32 10000 2048 32 32 6484.260145 0.000000
32 10000 2048 32 32 0.000000 128.106765
32 10000 4096 32 32 15712.989488 0.000000
32 10000 4096 32 32 0.000000 162.836453
32 10000 10000 32 32 14127.115562 0.000000
32 10000 10000 32 32 0.000000 163.615960
256 32 32 32 32 0.805671 0.000000
256 32 32 32 32 0.000000 323.174262
256 32 256 32 32 6.457977 0.000000
256 32 256 32 32 0.000000 114.039828
256 32 1024 32 32 27.628252 0.000000
256 32 1024 32 32 0.000000 114.278674
256 32 2048 32 32 55.991142 0.000000
256 32 2048 32 32 0.000000 125.000793
256 32 4096 32 32 113.581345 0.000000
256 32 4096 32 32 0.000000 115.265626
256 32 10000 32 32 252.884441 0.000000
256 32 10000 32 32 0.000000 117.222290
256 256 32 32 32 6.773475 0.000000
256 256 32 32 32 0.000000 115.092713
256 256 256 32 32 55.238034 0.000000
256 256 256 32 32 0.000000 117.232721
256 256 1024 32 32 243.516324 0.000000
256 256 1024 32 32 0.000000 122.212137
256 256 2048 32 32 532.796263 0.000000
256 256 2048 32 32 0.000000 119.140185
256 256 4096 32 32 1231.186523 0.000000
256 256 4096 32 32 0.000000 118.034427
256 256 10000 32 32 2170.486322 0.000000
256 256 10000 32 32 0.000000 123.491663
256 1024 32 32 32 27.356143 0.000000
256 1024 32 32 32 0.000000 113.921026
256 1024 256 32 32 247.604753 0.000000
256 1024 256 32 32 0.000000 129.825341
256 1024 1024 32 32 1241.874308 0.000000
256 1024 1024 32 32 0.000000 127.180156
256 1024 2048 32 32 2388.692943 0.000000
256 1024 2048 32 32 0.000000 328.350019
256 1024 4096 32 32 4781.421580 0.000000
256 1024 4096 32 32 0.000000 119.217518
256 1024 10000 32 32 10026.574972 0.000000
256 1024 10000 32 32 0.000000 129.293995
256 2048 32 32 32 54.686495 0.000000
256 2048 32 32 32 0.000000 117.700419
256 2048 256 32 32 585.716672 0.000000
256 2048 256 32 32 0.000000 114.948073
256 2048 1024 32 32 2459.570065 0.000000
256 2048 1024 32 32 0.000000 129.801017
256 2048 2048 32 32 4805.311253 0.000000
256 2048 2048 32 32 0.000000 330.793790
256 2048 4096 32 32 20973.679403 0.000000
256 2048 4096 32 32 0.000000 341.274441
256 2048 10000 32 32 19922.361971 0.000000
256 2048 10000 32 32 0.000000 134.859317
256 4096 32 32 32 109.304555 0.000000
256 4096 32 32 32 0.000000 122.333401
256 4096 256 32 32 1218.452916 0.000000
256 4096 256 32 32 0.000000 337.963438
256 4096 1024 32 32 4832.309328 0.000000
256 4096 1024 32 32 0.000000 121.921269
256 4096 2048 32 32 20007.425878 0.000000
256 4096 2048 32 32 0.000000 122.032030
256 4096 4096 32 32 49839.211202 0.000000
256 4096 4096 32 32 0.000000 128.479917
256 4096 10000 32 32 42782.215523 0.000000
256 4096 10000 32 32 0.000000 266.902225
256 10000 32 32 32 290.159523 0.000000
256 10000 32 32 32 0.000000 120.077679
256 10000 256 32 32 2820.972283 0.000000
256 10000 256 32 32 0.000000 117.600455
256 10000 1024 32 32 25314.033352 0.000000
256 10000 1024 32 32 0.000000 130.530744
256 10000 2048 32 32 45121.147565 0.000000
256 10000 2048 32 32 0.000000 141.308305
256 10000 4096 32 32 128598.502634 0.000000
256 10000 4096 32 32 0.000000 151.275785
256 10000 10000 32 32 112340.228074 0.000000
256 10000 10000 32 32 0.000000 340.711966
1024 32 32 32 32 3.223032 0.000000
1024 32 32 32 32 0.000000 121.509104
1024 32 256 32 32 25.836546 0.000000
1024 32 256 32 32 0.000000 114.651827
1024 32 1024 32 32 109.908288 0.000000
1024 32 1024 32 32 0.000000 341.547113
1024 32 2048 32 32 221.291247 0.000000
1024 32 2048 32 32 0.000000 339.688870
1024 32 4096 32 32 452.778720 0.000000
1024 32 4096 32 32 0.000000 128.114729
1024 32 10000 32 32 1010.542807 0.000000
1024 32 10000 32 32 0.000000 127.274161
1024 256 32 32 32 27.093202 0.000000
1024 256 32 32 32 0.000000 113.920785
1024 256 256 32 32 220.828685 0.000000
1024 256 256 32 32 0.000000 118.246674
1024 256 1024 32 32 1054.035519 0.000000
1024 256 1024 32 32 0.000000 344.761433
1024 256 2048 32 32 2103.777054 0.000000
1024 256 2048 32 32 0.000000 125.970140
1024 256 4096 32 32 4732.328179 0.000000
1024 256 4096 32 32 0.000000 124.744323
1024 256 10000 32 32 8710.499716 0.000000
1024 256 10000 32 32 0.000000 132.637624
1024 1024 32 32 32 109.487135 0.000000
1024 1024 32 32 32 0.000000 120.087923
1024 1024 256 32 32 967.117185 0.000000
1024 1024 256 32 32 0.000000 120.467560
1024 1024 1024 32 32 4911.479461 0.000000
1024 1024 1024 32 32 0.000000 125.190730
1024 1024 2048 32 32 9402.791691 0.000000
1024 1024 2048 32 32 0.000000 344.559062
1024 1024 4096 32 32 18893.409496 0.000000
1024 1024 4096 32 32 0.000000 133.086440
1024 1024 10000 32 32 40358.228480 0.000000
1024 1024 10000 32 32 0.000000 369.936953
1024 2048 32 32 32 218.677216 0.000000
1024 2048 32 32 32 0.000000 329.140120
1024 2048 256 32 32 2364.330112 0.000000
1024 2048 256 32 32 0.000000 298.633670
1024 2048 1024 32 32 9275.293841 0.000000
1024 2048 1024 32 32 0.000000 128.585013
1024 2048 2048 32 32 19256.131564 0.000000
1024 2048 2048 32 32 0.000000 123.464720
1024 2048 4096 32 32 84076.157570 0.000000
1024 2048 4096 32 32 0.000000 132.156352
1024 2048 10000 32 32 83586.052199 0.000000
1024 2048 10000 32 32 0.000000 152.186306
1024 4096 32 32 32 437.124384 0.000000
1024 4096 32 32 32 0.000000 119.272816
1024 4096 256 32 32 4679.221816 0.000000
1024 4096 256 32 32 0.000000 117.870875
1024 4096 1024 32 32 19392.879031 0.000000
1024 4096 1024 32 32 0.000000 123.773593
1024 4096 2048 32 32 76747.554934 0.000000
1024 4096 2048 32 32 0.000000 130.984676
1024 4096 4096 32 32 201898.211875 0.000000
1024 4096 4096 32 32 0.000000 375.952197
1024 4096 10000 32 32 171377.781181 0.000000
1024 4096 10000 32 32 0.000000 400.442462
1024 10000 32 32 32 1192.280875 0.000000
1024 10000 32 32 32 0.000000 120.510938
1024 10000 256 32 32 11360.452750 0.000000
1024 10000 256 32 32 0.000000 130.534562
1024 10000 1024 32 32 101827.108307 0.000000
1024 10000 1024 32 32 0.000000 143.760397
1024 10000 2048 32 32 218565.938148 0.000000
1024 10000 2048 32 32 0.000000 153.800046
1024 10000 4096 32 32 503814.766458 0.000000
1024 10000 4096 32 32 0.000000 180.187527
1024 10000 10000 32 32 445072.286176 0.000000
1024 10000 10000 32 32 0.000000 266.611182
2048 32 32 32 32 6.439041 0.000000
2048 32 32 32 32 0.000000 347.223526
2048 32 256 32 32 51.546984 0.000000
2048 32 256 32 32 0.000000 120.392097
2048 32 1024 32 32 219.386343 0.000000
2048 32 1024 32 32 0.000000 120.926124
2048 32 2048 32 32 444.889561 0.000000
2048 32 2048 32 32 0.000000 339.697239
2048 32 4096 32 32 903.960911 0.000000
2048 32 4096 32 32 0.000000 132.391193
2048 32 10000 32 32 2019.211861 0.000000
2048 32 10000 32 32 0.000000 354.845581
2048 256 32 32 32 54.182077 0.000000
2048 256 32 32 32 0.000000 130.045236
2048 256 256 32 32 441.800176 0.000000
2048 256 256 32 32 0.000000 133.764053
2048 256 1024 32 32 2065.694006 0.000000
2048 256 1024 32 32 0.000000 123.786652
2048 256 2048 32 32 4210.990497 0.000000
2048 256 2048 32 32 0.000000 126.921206
2048 256 4096 32 32 9140.633617 0.000000
2048 256 4096 32 32 0.000000 331.481301
2048 256 10000 32 32 17365.567749 0.000000
2048 256 10000 32 32 0.000000 141.630612
2048 1024 32 32 32 218.785068 0.000000
2048 1024 32 32 32 0.000000 115.012021
2048 1024 256 32 32 1940.231993 0.000000
2048 1024 256 32 32 0.000000 119.641995
2048 1024 1024 32 32 9546.558012 0.000000
2048 1024 1024 32 32 0.000000 119.723942
2048 1024 2048 32 32 18495.226464 0.000000
2048 1024 2048 32 32 0.000000 125.048308
2048 1024 4096 32 32 36252.041707 0.000000
2048 1024 4096 32 32 0.000000 146.558906
2048 1024 10000 32 32 81114.355729 0.000000
2048 1024 10000 32 32 0.000000 255.409419
2048 2048 32 32 32 437.345285 0.000000
2048 2048 32 32 32 0.000000 124.403498
2048 2048 256 32 32 4515.325608 0.000000
2048 2048 256 32 32 0.000000 126.825279
2048 2048 1024 32 32 20795.138004 0.000000
2048 2048 1024 32 32 0.000000 130.706740
2048 2048 2048 32 32 36137.011858 0.000000
2048 2048 2048 32 32 0.000000 136.559611
2048 2048 4096 32 32 160989.501772 0.000000
2048 2048 4096 32 32 0.000000 161.237784
2048 2048 10000 32 32 168023.862922 0.000000
2048 2048 10000 32 32 0.000000 185.760458
2048 4096 32 32 32 874.190666 0.000000
2048 4096 32 32 32 0.000000 161.054519
2048 4096 256 32 32 9338.988255 0.000000
2048 4096 256 32 32 0.000000 125.625071
2048 4096 1024 32 32 37843.627277 0.000000
2048 4096 1024 32 32 0.000000 134.869828
2048 4096 2048 32 32 160560.470275 0.000000
2048 4096 2048 32 32 0.000000 373.402405
2048 4096 4096 32 32 395951.203338 0.000000
2048 4096 4096 32 32 0.000000 286.783993
2048 4096 10000 32 32 338237.261478 0.000000
2048 4096 10000 32 32 0.000000 228.130310
2048 10000 32 32 32 2401.540214 0.000000
2048 10000 32 32 32 0.000000 127.998183
2048 10000 256 32 32 21377.335447 0.000000
2048 10000 256 32 32 0.000000 230.351394
2048 10000 1024 32 32 200824.230337 0.000000
2048 10000 1024 32 32 0.000000 157.710764
2048 10000 2048 32 32 419038.969597 0.000000
2048 10000 2048 32 32 0.000000 167.603070
2048 10000 4096 32 32 1040094.553148 0.000000
2048 10000 4096 32 32 0.000000 325.456038
2048 10000 10000 32 32 895272.814468 0.000000
2048 10000 10000 32 32 0.000000 351.863180
4096 32 32 32 32 12.947347 0.000000
4096 32 32 32 32 0.000000 329.816747
4096 32 256 32 32 102.627227 0.000000
4096 32 256 32 32 0.000000 126.684615
4096 32 1024 32 32 438.105254 0.000000
4096 32 1024 32 32 0.000000 134.745474
4096 32 2048 32 32 890.526453 0.000000
4096 32 2048 32 32 0.000000 130.253310
4096 32 4096 32 32 1807.312972 0.000000
4096 32 4096 32 32 0.000000 146.139108
4096 32 10000 32 32 4036.632564 0.000000
4096 32 10000 32 32 0.000000 171.966673
4096 256 32 32 32 108.363478 0.000000
4096 256 32 32 32 0.000000 122.503936
4096 256 256 32 32 882.965437 0.000000
4096 256 256 32 32 0.000000 130.778725
4096 256 1024 32 32 4057.629164 0.000000
4096 256 1024 32 32 0.000000 143.958702
4096 256 2048 32 32 8288.649059 0.000000
4096 256 2048 32 32 0.000000 141.854560
4096 256 4096 32 32 18661.370301 0.000000
4096 256 4096 32 32 0.000000 139.235774
4096 256 10000 32 32 34631.411271 0.000000
4096 256 10000 32 32 0.000000 168.663297
4096 1024 32 32 32 437.627490 0.000000
4096 1024 32 32 32 0.000000 119.576059
4096 1024 256 32 32 3515.016012 0.000000
4096 1024 256 32 32 0.000000 338.586461
4096 1024 1024 32 32 19001.275306 0.000000
4096 1024 1024 32 32 0.000000 125.100554
4096 1024 2048 32 32 36995.931358 0.000000
4096 1024 2048 32 32 0.000000 232.208035
4096 1024 4096 32 32 73947.838969 0.000000
4096 1024 4096 32 32 0.000000 338.594363
4096 1024 10000 32 32 160301.853185 0.000000
4096 1024 10000 32 32 0.000000 194.116502
4096 2048 32 32 32 874.696372 0.000000
4096 2048 32 32 32 0.000000 248.972980
4096 2048 256 32 32 9114.289615 0.000000
4096 2048 256 32 32 0.000000 124.904224
4096 2048 1024 32 32 38765.071873 0.000000
4096 2048 1024 32 32 0.000000 132.695846
4096 2048 2048 32 32 73946.140931 0.000000
4096 2048 2048 32 32 0.000000 144.909680
4096 2048 4096 32 32 331450.431867 0.000000
4096 2048 4096 32 32 0.000000 302.609014
4096 2048 10000 32 32 333989.764260 0.000000
4096 2048 10000 32 32 0.000000 464.907432
4096 4096 32 32 32 1748.200690 0.000000
4096 4096 32 32 32 0.000000 130.468986
4096 4096 256 32 32 18784.123288 0.000000
4096 4096 256 32 32 0.000000 135.568728
4096 4096 1024 32 32 78000.470458 0.000000
4096 4096 1024 32 32 0.000000 148.678482
4096 4096 2048 32 32 308847.477511 0.000000
4096 4096 2048 32 32 0.000000 162.777157
4096 4096 4096 32 32 794874.785545 0.000000
4096 4096 4096 32 32 0.000000 224.737315
4096 4096 10000 32 32 689904.604245 0.000000
4096 4096 10000 32 32 0.000000 536.638238
4096 10000 32 32 32 4627.798452 0.000000
4096 10000 32 32 32 0.000000 139.484364
4096 10000 256 32 32 43855.044051 0.000000
4096 10000 256 32 32 0.000000 145.826274
4096 10000 1024 32 32 395068.625865 0.000000
4096 10000 1024 32 32 0.000000 177.373438
4096 10000 2048 32 32 811034.225632 0.000000
4096 10000 2048 32 32 0.000000 227.122720
4096 10000 4096 32 32 2074716.353599 0.000000
4096 10000 4096 32 32 0.000000 428.339848
4096 10000 10000 32 32 1818389.567468 0.000000
4096 10000 10000 32 32 0.000000 563.787911
100000 32 32 32 32 312.381013 0.000000
100000 32 32 32 32 0.000000 322.447547
100000 32 256 32 32 2493.036090 0.000000
100000 32 256 32 32 0.000000 144.052642
100000 32 1024 32 32 10677.467769 0.000000
100000 32 1024 32 32 0.000000 222.326441
100000 32 2048 32 32 21748.125380 0.000000
100000 32 2048 32 32 0.000000 314.394321
100000 32 4096 32 32 44155.435571 0.000000
100000 32 4096 32 32 0.000000 518.926334
100000 32 10000 32 32 98914.126248 0.000000
100000 32 10000 32 32 0.000000 1296.584838
100000 256 32 32 32 2642.508430 0.000000
100000 256 32 32 32 0.000000 351.734109
100000 256 256 32 32 21553.375729 0.000000
100000 256 256 32 32 0.000000 165.220346
100000 256 1024 32 32 99603.515877 0.000000
100000 256 1024 32 32 0.000000 248.414876
100000 256 2048 32 32 204978.940922 0.000000
100000 256 2048 32 32 0.000000 564.624565
100000 256 4096 32 32 462395.229797 0.000000
100000 256 4096 32 32 0.000000 692.306872
100000 256 10000 32 32 847624.641152 0.000000
100000 256 10000 32 32 0.000000 1468.835291
100000 1024 32 32 32 10680.217817 0.000000
100000 1024 32 32 32 0.000000 169.918985
100000 1024 256 32 32 90466.668643 0.000000
100000 1024 256 32 32 0.000000 208.103648
100000 1024 1024 32 32 470032.515889 0.000000
100000 1024 1024 32 32 0.000000 333.171795
100000 1024 2048 32 32 1010163.645989 0.000000
100000 1024 2048 32 32 0.000000 744.918077
100000 1024 4096 32 32 1848806.586842 0.000000
100000 1024 4096 32 32 0.000000 867.376344
100000 1024 10000 32 32 3934260.912397 0.000000
100000 1024 10000 32 32 0.000000 1923.157174
100000 2048 32 32 32 21358.523688 0.000000
100000 2048 32 32 32 0.000000 202.025631
100000 2048 256 32 32 224458.228918 0.000000
100000 2048 256 32 32 0.000000 465.925072
100000 2048 1024 32 32 925254.792637 0.000000
100000 2048 1024 32 32 0.000000 507.964713
100000 2048 2048 32 32 1862677.653129 0.000000
100000 2048 2048 32 32 0.000000 729.577338
100000 2048 4096 32 32 8114063.114432 0.000000
100000 2048 4096 32 32 0.000000 1236.163230
100000 2048 10000 32 32 8176336.482222 0.000000
100000 2048 10000 32 32 0.000000 2839.284798
100000 4096 32 32 32 42701.267857 0.000000
100000 4096 32 32 32 0.000000 300.948669
100000 4096 256 32 32 444263.707210 0.000000
100000 4096 256 32 32 0.000000 549.720785
100000 4096 1024 32 32 1868505.874895 0.000000
100000 4096 1024 32 32 0.000000 699.985050
100000 4096 2048 32 32 7773537.701569 0.000000
100000 4096 2048 32 32 0.000000 1360.533301
100000 4096 4096 32 32 19673271.034173 0.000000
100000 4096 4096 32 32 0.000000 2001.060827
