10000 10000 10000 1 1 0.000053 39434.252473
10000 10000 10000 2 2 0.000061 10779.734609
10000 10000 10000 3 3 0.000039 5685.713217
10000 10000 10000 4 4 0.000037 3369.651906
10000 10000 10000 5 5 0.000038 2437.976466
10000 10000 10000 6 6 0.000047 2356.672696
10000 10000 10000 7 7 0.000053 1677.059833
10000 10000 10000 8 8 0.000036 1447.959660
10000 10000 10000 9 9 0.000073 1612.673995
10000 10000 10000 10 10 0.000036 1714.127038
10000 10000 10000 11 11 0.000070 1403.094838
10000 10000 10000 12 12 0.000061 1346.684708
10000 10000 10000 13 13 0.000048 1344.057727
10000 10000 10000 14 14 0.000052 1374.686830
10000 10000 10000 15 15 0.000056 1308.627031
10000 10000 10000 16 16 0.000054 1166.344239
10000 10000 10000 17 17 0.000066 1531.656846
10000 10000 10000 18 18 0.000036 1268.827482
10000 10000 10000 19 19 0.000051 1242.892549
10000 10000 10000 20 20 0.000053 1378.307938
10000 10000 10000 21 21 0.000046 1384.248845
10000 10000 10000 22 22 0.000054 1181.452500
10000 10000 10000 23 23 0.000035 1589.226674
10000 10000 10000 24 24 0.000046 1369.126120
10000 10000 10000 25 25 0.000039 1176.576549
10000 10000 10000 26 26 0.000035 1519.205362
10000 10000 10000 27 27 0.000037 1504.045789
10000 10000 10000 28 28 0.000058 1398.878390
10000 10000 10000 29 29 0.000039 1176.080933
10000 10000 10000 30 30 0.000054 1164.429086
10000 10000 10000 31 31 0.000043 1187.552999
10000 10000 10000 32 32 0.000047 1116.611742
